 107.0441  105.2996  103.0558  105.5844  104.546  104.7714  105.3639  105.6847  106.1249  104.4159  105.3597  104.9676  103.6323  105.3696  105.0258  104.9276  104.8498  105.2626 
 101.8688  104.3745  103.1029  104.0186  104.2363  105.1033  99.9926  103.4671  103.7883  103.2358  103.9254  104.3548  101.0333  102.4936  102.5248  103.0832  104.8221  104.4114 
 100.5049  100.5259  103.7802  103.9978  104.3142  104.5831  97.5688  103.5124  104.2245  104.3559  104.6724  104.2993  98.2458  102.511  102.5754  103.9862  104.5975  104.2515 
 100.566  101.2548  103.4029  103.4952  104.6353  105.3086  102.6473  102.3555  103.0125  104.9979  104.8878  104.1181  100.7278  103.0584  103.5479  104.4006  104.1319  104.2474 
 102.6146  102.7635  104.5064  102.4576  103.6521  104.9766  98.2549  103.95  102.9721  102.9984  103.9925  104.9013  102.5408  104.2155  104.2101  104.1753  105.0141  104.7288 
 103.8528  101.8241  101.5204  104.0926  103.2573  103.9284  101.5914  102.1714  103.3959  102.5929  104.2108  103.777  100.2635  101.4711  102.7768  103.0146  104.021  103.8966 
 102.3574  103.0608  102.1928  103.9716  103.7649  104.956  100.2805  102.3072  103.8375  103.5542  103.5608  103.7756  99.332  102.0457  102.2071  102.9444  103.3868  103.9974 
 100.5934  101.8046  104.1275  104.1171  104.4412  103.5762  97.8623  104.4523  104.8901  103.8976  104.3535  103.8282  100.4901  103.7271  102.9005  103.8222  103.8587  104.1877 
 105.3097  102.5405  104.2346  103.9973  104.8611  106.0318  106.5237  103.8744  104.4207  106.018  105.8352  105.1049  103.6094  104.0087  104.7315  105.53  104.9929  104.9192 
 103.1755  101.9864  104.5766  103.4332  104.374  105.6567  98.9255  102.2265  103.5671  105.0617  104.0419  104.7761  103.775  104.1785  103.6533  104.7171  105.1087  104.8491 
 106.0179  103.1861  103.1991  104.6718  104.1429  104.355  104.9049  102.8501  103.909  103.3406  104.9604  104.7805  103.2253  103.5692  103.6027  104.0815  104.7151  104.5349 
 106.5219  104.2164  102.2636  104.2806  103.7388  105.2708  102.8234  102.7214  104.259  102.8208  103.7644  103.9181  102.6987  102.334  103.1754  102.7582  103.7655  104.1091 
 100.6306  101.2391  104.0471  104.0465  104.3675  103.3007  98.955  103.788  104.8351  103.3671  104.3482  104.1803  99.2977  103.1  103.4512  103.6372  103.7798  104.695 
 100.5169  99.2073  102.893  102.1608  104.0166  104.9613  100.3973  100.8872  102.3791  102.8563  104.493  103.6604  101.6364  101.0947  103.4536  103.996  103.6474  103.5866 
 99.6486  100.1456  101.8889  101.532  102.9538  104.9272  98.1503  100.351  101.3831  103.023  102.844  103.4266  98.5541  102.3627  101.7176  102.8847  103.3613  103.3103 
 105.4218  103.2815  103.0688  104.8695  103.5357  103.815  101.5032  102.7532  104.0019  103.0807  104.3003  104.3657  101.0842  103.8563  103.2233  103.9575  104.6262  104.3706 
 104.8719  104.3008  103.2428  104.3175  103.7312  104.9647  101.4981  103.1179  104.6755  103.2642  104.2313  104.1909  102.9116  102.4094  103.6788  103.211  104.0435  104.3169 
 105.7922  102.2312  103.2118  103.7117  104.5368  103.5825  101.1536  104.1659  104.1676  102.9771  104.3494  104.0976  103.3633  103.8726  102.71  103.3884  103.6101  104.6418 
 99.4526  98.2098  102.4503  101.8946  103.806  105.1806  99.4487  100.0452  102.3368  102.8252  104.2056  103.78  100.4741  100.0218  102.9495  103.8263  103.659  103.6461 
 101.0503  99.9872  102.6814  102.635  103.3932  105.2968  97.9961  100.5789  102.1838  103.8257  103.7439  104.2341  100.7549  102.3597  102.7941  103.5179  104.0166  103.8514 
 106.7396  102.8155  103.2427  104.3797  103.8385  104.1771  106.0795  101.8548  103.5832  103.0366  104.0844  104.4017  103.9219  103.063  102.6793  103.8383  104.4818  104.5304 
 103.331  104.7726  102.6462  104.6058  103.5391  104.7297  98.8541  103.6195  104.5924  102.9117  103.8399  103.8668  100.0129  103.1732  103.5681  103.1836  104.1549  104.2931 
 106.9882  103.1036  102.4228  103.3241  105.1612  103.5755  102.3054  104.0667  103.4285  103.1334  104.7195  104.4114  104.3347  103.8527  102.4941  103.2569  103.613  104.5284 
 102.7641  100.4649  103.9341  103.3882  103.6886  105.3856  101.9003  102.6605  103.0184  103.5446  105.0426  104.1577  103.0257  102.4206  103.7959  104.5966  104.3835  104.1082 
 98.269  98.9378  103.1697  103.2555  104.3266  105.0466  97.9053  100.9259  102.6324  103.757  103.8116  104.4298  99.8996  102.2591  103.1556  103.6645  103.8912  104.118 
 106.453  104.9692  103.252  103.8058  103.6633  105.3855  102.6361  103.2303  104.3371  103.7538  104.2955  104.7089  101.5303  104.7434  103.4307  104.0087  104.6559  104.6834 
 100.4249  102.8791  102.6376  103.7018  103.3154  103.9755  96.674  102.4923  103.7967  101.9818  103.4239  103.3942  98.232  102.3348  102.8991  102.7678  103.7445  103.8795 
 104.9184  103.7883  102.7612  104.8514  104.9484  103.9594  101.1083  104.1987  104.4696  103.9865  105.1499  104.747  103.6343  103.0791  103.4595  103.894  104.0002  104.8427 
 101.7136  100.0386  104.3104  102.9035  103.7661  105.299  99.9497  102.1716  103.2728  103.1758  104.2987  104.1008  99.5723  102.4837  103.6325  104.189  104.188  104.2948 
 98.0371  99.751  102.7161  103.4981  104.0977  105.3644  97.8206  101.7125  102.775  103.5959  104.1336  104.2709  99.5652  102.9503  103.1812  103.6718  103.8242  104.0206 
 101.2766  104.836  104.4493  103.666  103.8968  105.3685  99.7542  102.8718  104.8522  104.7475  104.6046  104.9814  99.5567  104.6014  103.9134  104.2815  104.9215  104.8744 
 103.2603  102.0457  101.6106  103.6704  102.9884  103.6095  97.2747  102.0485  103.569  101.6905  103.1658  103.3326  98.2159  101.5004  102.7856  102.9392  103.4968  103.5254 
 101.5674  101.5327  101.4906  102.6248  104.2402  103.4619  98.424  101.8878  102.7269  102.1074  103.8243  103.8256  100.7667  101.323  101.7546  101.9577  103.1341  104.1717 
 99.5467  98.9193  102.9819  102.3041  103.1678  104.4801  98.3884  101.3053  102.7646  102.5631  104.084  103.4463  98.3741  101.2202  102.6334  103.3536  103.5343  103.4105 
 100.415  99.6889  102.5092  103.6422  103.7522  104.5136  99.4347  101.3855  102.4048  102.5946  103.8967  103.773  100.702  102.223  102.9073  103.2637  103.5144  103.7685 
 100.871  102.2007  103.8204  102.4042  102.3502  103.923  95.0582  100.4069  103.1635  103.6721  103.09  103.9088  97.0138  102.8281  102.4928  103.2983  103.4718  103.8304 
 104.6878  103.0088  102.3961  104.7384  104.1106  103.9185  101.4417  102.8406  104.4903  102.6265  104.1988  104.0627  101.4268  102.4035  103.7956  103.707  104.4078  104.3469 
 104.3206  104.9036  102.9971  104.4589  105.0644  104.5612  101.4442  104.237  104.9036  104.0901  104.5656  104.299  103.6777  103.6759  103.8202  103.6545  104.1421  104.5154 
 101.2105  100.6685  104.4073  103.9693  104.5048  105.5649  100.9599  103.2327  104.1339  103.4918  104.8895  104.4395  100.1026  103.07  103.6657  104.4922  104.5826  104.3184 
 100.1356  98.9233  102.4802  103.3759  104.1291  104.5727  97.903  101.7945  102.8794  103.092  104.456  104.146  99.9772  102.4513  103.3439  103.7603  103.928  104.2949 
 104.2671  103.4393  104.9233  103.8022  104.0514  104.8779  100.2715  100.9735  103.2693  104.4537  104.3214  104.726  101.5996  103.5438  102.8213  104.2687  104.5655  104.8397 
 104.8935  102.262  102.0713  104.3708  103.5239  104.3378  100.9177  102.5818  104.6562  103.1929  104.5261  104.3398  101.652  102.2279  104.3225  103.8708  104.6028  104.1806 
 104.892  104.5484  103.1051  104.3798  104.5654  104.9651  100.7458  103.4848  104.2916  103.4836  104.1311  104.527  103.4444  103.0129  103.3398  103.3732  103.955  104.4673 
 101.6132  100.5111  102.946  103.2901  103.5428  104.2139  102.2654  103.3316  103.4702  102.5647  103.8058  103.5418  100.1104  102.5626  102.3016  103.0509  103.4228  103.7263 
 102.6634  99.5805  101.8264  102.5381  103.9229  104.3009  100.2561  101.4792  101.89  102.3318  104.3412  103.8512  102.5816  102.2241  102.6162  103.1843  103.6747  104.2967 
 102.2592  101.9874  104.192  103.4529  102.0194  104.5118  100.2417  100.9131  102.2504  104.1657  103.8214  104.5821  101.4692  103.2626  102.284  104.2981  104.3109  104.4823 
 101.3439  101.1446  100.334  102.9742  103.5433  103.4169  96.54  100.806  102.8765  101.8034  103.6089  103.3803  97.3509  100.6768  102.0534  102.1745  103.5198  103.1696 
 104.6204  104.9628  103.5085  104.8509  105.5233  105.5099  102.9649  103.7637  104.9914  103.6714  104.4432  104.4648  103.5053  103.6754  104.1636  103.7583  104.0895  104.6275 
 105.129  101.4359  103.1388  103.5861  103.3904  103.4581  102.8472  104.1368  103.9405  103.0168  103.8604  103.7039  103.5885  103.0356  102.4347  103.4899  103.4928  103.9154 
 107.1534  101.6725  103.8812  103.9297  104.3085  105.6835  103.2945  103.1555  104.3968  103.9329  105.5791  104.9687  105.7248  103.5478  104.7342  104.9896  104.7334  105.1381 
 100.7512  101.2171  103.1494  102.9473  101.8512  103.9682  101.5887  101.182  101.9098  103.7499  102.9152  103.6873  102.4551  103.1965  102.3315  103.5711  103.9199  103.7149 
 102.6365  102.62  102.8319  104.1598  104.612  104.5603  98.4384  102.8406  103.6795  103.3677  104.8081  104.625  98.8512  103.3124  103.2803  103.7617  104.497  104.2979 
 104.77  104.575  102.8979  104.9157  104.6937  105.4212  101.2972  103.1054  104.8468  103.1071  103.9673  104.2979  100.7526  103.0232  103.8519  103.3168  104.0045  104.4221 
 100.6187  102.0831  103.5206  103.8261  104.1015  103.347  97.1607  103.9756  104.9132  103.4751  104.3737  103.9099  100.3604  102.3675  103.2913  103.5807  103.8172  104.2493 
 105.5683  100.4727  104.7215  103.4261  103.5072  105.1637  103.6809  102.4893  103.7503  103.6033  105.4098  104.6652  104.8422  103.5415  104.6067  104.8292  104.3731  104.9692 
 102.2483  101.7304  102.3828  103.5911  104.3308  105.9729  101.3167  101.6773  103.6803  104.8602  104.1163  104.7427  102.0016  103.2456  103.5233  104.5076  104.8606  104.758 
 102.9103  102.6807  103.177  104.0615  104.0963  103.952  100.104  102.7283  103.4841  102.4674  104.1429  104.5132  99.8468  102.6147  103.1351  103.2942  104.2975  104.1876 
 104.0807  104.4339  104.5669  104.9607  104.3284  104.9695  98.8678  102.8666  104.3711  103.4689  104.0654  104.1709  100.1544  103.0123  103.6101  103.2944  104.024  104.3355 
 102.6911  101.7323  103.1798  103.9108  104.1029  103.6502  100.7351  103.3039  105.3723  103.495  104.6618  104.1735  101.7362  102.7723  103.4769  103.8543  103.9414  104.2925 
 99.5329  101.9033  105.4326  103.8689  104.5164  105.6101  98.5179  104.1139  104.1477  104.1307  105.4111  104.7856  100.9133  103.8533  104.9061  105.428  104.6652  105.107 
 101.6344  100.2619  101.3413  103.1349  103.9748  105.558  98.1858  101.0274  102.2987  103.7975  103.8663  104.5205  100.0984  103.0587  102.6982  103.3894  104.1756  104.377 
 104.2669  103.5622  102.8038  104.263  103.8296  103.919  102.8002  102.2783  104.1447  102.9059  104.159  104.0289  101.0873  102.4565  103.0114  103.7253  104.2717  104.177 
 104.6957  104.6357  104.7243  104.6945  104.0494  104.8615  100.2534  103.7085  104.8871  103.1286  104.1873  104.2684  102.2831  103.268  103.7536  103.2459  104.3816  104.3369 
 104.2182  101.1128  101.4106  102.5775  103.2667  103.1854  99.1245  102.0237  103.0654  102.4052  103.4795  103.6856  100.8223  101.9833  101.6974  102.674  102.8349  103.7521 
 100.8631  100.6915  104.9589  103.1805  103.7507  105.1691  101.6367  103.4697  103.4449  103.5964  105.2428  104.9248  102.1414  103.4435  104.4467  104.6199  104.291  104.5529 
 102.2376  98.6714  101.4609  103.6476  104.0311  104.7199  101.8044  100.0768  102.372  103.1703  103.3198  103.8205  102.9923  101.6564  102.6661  103.3045  103.7051  104.1737 
 105.0777  104.7427  104.2987  104.2719  104.1193  105.0779  101.9203  103.324  105.331  104.2837  104.2071  105.3783  100.4379  103.5075  104.118  104.5542  104.9011  104.8558 
 102.47  102.1927  103.441  103.9557  103.4738  104.3126  97.6994  101.4467  103.4292  101.9638  103.706  104.4343  100.2171  101.381  102.7034  102.6691  104.1722  103.8454 
 107.2811  104.6475  104.1136  105.1523  105.3014  104.2529  103.872  104.8052  105.5154  104.4978  104.7946  105.6403  106.2968  104.4193  104.3581  104.3607  104.4276  105.1678 
 106.5318  100.0425  103.8796  103.2563  104.4013  105.4639  105.4958  102.1148  103.0308  103.3196  103.8168  104.7717  104.5829  102.2067  103.4578  104.4431  104.2724  104.3381 
 98.4964  97.9317  101.0925  103.4256  103.5791  104.403  99.2864  100.3253  101.7916  102.923  103.3343  103.6738  99.7201  101.3708  102.514  103.1737  103.4534  104.1083 
 101.4952  102.7027  102.1342  102.5337  102.3015  104.2109  99.1806  100.8718  103.0699  103.3528  102.8885  103.9317  99.181  101.928  101.9548  102.9253  103.639  103.6624 
 106.6923  104.1414  104.0406  104.5494  103.759  104.388  101.118  103.8767  104.511  102.8272  103.8252  104.8076  102.8287  103.4004  103.7282  103.7991  104.6535  104.038 
 105.827  103.7373  103.2561  104.442  105.1907  104.0048  101.7207  103.8019  104.5282  103.7089  104.5447  105.4335  104.0511  103.6141  103.5109  103.7217  103.9264  104.7493 
 105.1335  100.2363  104.6392  103.4552  104.0954  104.9421  103.2646  103.1787  103.7695  103.2768  103.3517  104.1684  103.0863  102.5085  103.8853  104.3402  103.9545  103.9611 
 103.517  101.2874  102.2289  104.033  104.2294  105.0758  104.8739  102.4565  103.0311  103.2233  104.0354  104.3738  105.6562  103.4946  103.2051  103.8494  103.9763  104.8709 
 103.5546  102.7669  102.7767  103.0163  102.7435  104.5379  99.4067  101.0313  103.2199  104.4728  103.7529  104.4962  100.2241  102.9529  102.8591  103.8142  104.2729  104.2961 
 102.4113  101.3725  102.6097  104.0144  102.8091  103.7687  100.157  101.323  103.3131  101.8624  102.7646  104.04  100.3976  100.3401  102.3898  102.891  103.8249  103.3319 
 107.9083  103.8599  102.7937  104.085  105.6576  104.0094  103.0677  103.74  104.3597  103.295  104.336  105.519  105.5621  104.1097  103.2198  103.5181  103.9977  104.6607 
 103.4777  101.9875  104.4178  103.3418  104.1756  105.6805  104.0062  103.9386  103.7507  103.0886  103.7972  104.7932  103.5986  102.4161  103.3034  104.083  104.0672  104.2177 
 103.0915  99.7023  102.3837  104.0345  104.5551  104.7999  101.5061  102.342  102.9473  103.3435  104.1406  104.2141  101.8814  104.0182  103.3991  103.9692  104.14  104.9576 
 102.4655  103.9343  101.8085  102.6851  101.7439  104.5233  101.2486  101.5988  102.4662  104.0925  103.2439  104.174  102.2253  103.3804  102.1238  103.7303  103.8835  104.2641 
 98.76  102.8864  103.8072  104.4948  103.8877  103.9373  98.1403  103.2895  104.2176  103.0348  103.5016  104.8217  99.3173  102.5934  103.767  103.4633  104.265  103.8602 
 105.0905  104.5595  103.7277  104.506  105.5397  104.897  98.1209  103.3881  104.8258  103.556  104.3397  105.3741  100.656  103.7756  103.8076  103.6693  104.2282  104.549 
 97.2327  101.4601  105.0381  104.0571  104.6075  104.7185  99.1075  104.092  104.5445  103.5768  103.9274  104.5244  97.8307  102.6594  103.6363  104.1432  104.0939  104.1633 
 102.1224  99.7491  102.7797  103.8874  103.627  104.6059  99.7427  102.8002  103.3016  103.1035  103.8686  104.0662  101.7939  103.2386  103.8647  104.1982  104.0132  104.4704 
 102.9432  104.1183  102.8481  104.062  103.0166  105.0053  101.4845  101.9341  102.9608  105.1531  104.2699  104.9278  102.0411  104.6777  103.3411  104.7728  104.9334  104.8831 
 100.2929  103.68  104.3426  104.5678  104.9209  104.2012  100.117  103.7086  104.5639  103.6083  103.9491  104.9645  101.3597  102.9756  104.1475  104.0692  104.8072  104.3622 
 107.7532  101.4239  102.4992  103.4791  104.5364  104.929  101.0876  100.6395  102.333  102.1143  103.3776  104.8247  101.3218  100.4952  102.2675  102.4214  103.1695  103.8374 
 97.9696  99.9229  102.3709  103.0799  103.0964  103.5757  98.4084  102.0098  100.902  102.234  103.0788  103.8652  98.2522  101.0739  101.7778  103.1411  103.2211  103.6719 
 105.1896  103.0542  103.9586  104.0365  104.3748  105.5863  102.4109  104.7778  104.0352  104.1058  104.7417  105.0368  105.6603  104.8043  104.2219  104.8368  104.6222  105.1784 
 99.6305  99.5987  100.8353  102.6001  101.869  104.0267  100.1857  99.2654  101.5008  103.3209  103.0617  103.97  99.8132  101.9182  101.6644  103.2319  103.8704  103.9103 
 103.1871  103.1328  103.3229  102.3868  104.6171  104.3959  99.4873  103.144  103.7943  102.6787  103.4902  104.6704  100.6007  102.494  103.2796  103.4121  104.1722  104.0442 
 103.1822  102.906  103.292  103.5565  104.0031  104.6545  100.741  101.6601  102.6329  102.0355  103.0377  104.4773  100.0541  101.8512  102.9548  102.266  103.3409  103.7596 
 102.1313  100.1073  102.4743  103.3641  103.7302  102.7497  98.0601  102.3465  102.0444  103.0066  103.4981  104.3273  101.0268  101.1859  102.4794  103.5459  103.3473  104.072 
 96.5113  99.6011  102.7174  101.6832  102.6847  103.0955  97.1109  101.4859  102.0025  102.3213  103.2119  104.0476  98.3842  101.912  102.7657  103.1762  103.3233  103.9209 
 101.0015  102.2155  102.8104  103.4019  103.8314  103.9534  103.7603  102.2612  104.0496  104.9169  103.8635  104.5066  102.6652  104.124  103.7367  104.7461  104.7758  104.7258 
 102.4401  102.9341  103.611  103.3977  104.5108  104.7956  97.7364  102.7289  104.5741  103.159  104.2817  105.0986  100.5228  102.4074  103.4363  103.8461  104.7029  104.3252 
 104.1283  104.5413  104.3076  104.5421  104.2341  104.7633  99.9685  102.9038  102.5649  102.9095  103.5232  104.9884  101.5963  103.3389  103.5441  103.2002  103.8527  104.393 
 104.8906  100.2824  102.4497  102.8596  103.8225  103.412  102.5266  102.3218  102.3424  103.2149  103.6753  104.4106  103.3827  101.2127  102.785  103.6564  103.4561  104.12 
 103.8843  100.9612  104.24  102.5425  103.4684  103.6703  102.096  103.0829  103.0218  103.1726  104.1297  104.9327  104.5066  103.11  103.4975  104.1141  103.9826  104.5405 
 99.6491  100.4772  101.2349  102.6719  103.5134  103.3413  101.6911  100.7828  102.4431  103.7299  102.894  103.581  102.4252  102.7181  102.7447  103.6282  104.0381  103.9784 
 101.9917  103.4141  102.6464  103.1544  104.4105  104.5166  101.2211  102.8618  103.6823  103.2934  104.2216  104.9691  101.268  103.045  102.9035  103.9647  104.5021  104.4337 
 105.8399  104.2027  104.6953  104.7144  104.2435  105.0012  99.5789  103.0464  103.4649  103.119  104.1005  105.1621  103.267  102.9936  103.651  103.5193  104.3845  104.3913 
 105.3654  101.5932  101.8746  102.2457  103.8468  103.4048  100.6915  102.2435  101.7145  102.8641  103.3768  104.3526  102.4633  101.9808  102.1818  103.1311  103.375  104.0745 
 101.3533  100.0854  103.5641  103.0311  103.3714  103.5659  101.0684  102.883  102.3185  103.3033  103.5194  104.8857  101.5807  102.9  103.157  104.3502  103.6149  104.3008 
 100.0671  99.1383  101.6326  102.732  103.3973  102.5713  98.5861  100.4527  103.0562  103.1599  102.7669  103.1691  100.6953  101.8265  102.5637  103.2013  103.5466  103.7181 
 97.5377  103.452  102.6311  103.2193  103.5218  104.2497  100.2064  102.315  103.0373  103.2049  103.393  104.3772  99.6119  102.6119  103.0103  103.4721  103.9666  103.9506 
 107.5455  102.0109  102.7197  102.8794  103.1166  104.0967  100.63  100.5406  101.9108  101.7709  103.3504  104.3306  103.651  100.3591  101.827  102.7312  103.7322  103.6011 
 100.9462  103.2274  103.3018  102.6211  104.4049  103.5404  97.6582  103.0483  102.8668  103.5753  104.0695  105.0643  99.3278  103.0037  103.4608  103.737  103.7801  104.5462 
 101.5083  100.1521  104.0168  103.4746  103.8525  103.8794  102.9219  103.0589  103.3719  103.7955  103.7077  104.6284  103.3694  102.6711  103.6365  104.4821  104.2116  104.2645 
 101.5242  105.1343  101.5614  103.3946  104.0783  102.9326  99.5256  104.7345  102.8972  103.2549  103.473  103.9408  100.8107  103.4509  103.0542  103.9564  103.7005  104.2881 
 99.0136  102.0457  102.6442  103.2439  102.9821  104.7266  100.9571  103.1868  102.1043  103.5795  102.9028  104.2059  99.7194  102.297  102.2433  103.4516  103.8214  103.9275 
 102.6203  102.2265  103.0003  102.8068  102.7016  103.9709  100.703  101.6705  102.9259  102.192  103.3785  104.2613  99.4099  101.9067  102.7785  102.8558  103.86  103.5117 
 105.7012  103.2673  102.8048  103.1117  104.7909  103.3715  108.8449  104.1831  103.1126  104.1047  104.24  105.0956  106.2271  102.9781  102.9732  103.6823  103.6078  104.4617 
 102.6374  100.752  104.5046  103.4307  104.6623  104.2674  102.3229  100.2924  103.1059  104.0571  103.9191  104.7286  103.3783  101.6576  103.7013  104.3796  104.492  104.6309 
 98.6892  103.3395  102.5807  103.4799  103.8419  103.2416  97.2078  104.7631  103.2339  104.1581  103.8837  104.3412  97.7094  103.522  103.5374  104.1566  103.9018  104.6381 
 99.8054  103.2963  103.2206  103.6154  102.7376  104.6702  103.002  104.4455  102.8566  103.8309  103.5683  104.3451  100.781  103.2013  103.1722  103.9633  104.3346  104.2345 
 104.8802  104.0502  103.8766  103.3727  103.8116  104.5953  104.4525  101.8324  104.1408  103.0204  103.614  104.8114  104.1104  102.3447  103.9436  103.6054  104.27  103.9021 
 108.7475  104.2326  103.3889  103.4055  105.5291  103.9866  108.6869  104.4157  103.9093  104.3095  104.6579  105.6058  105.9454  103.6406  103.6951  103.939  104.7349  104.7997 
 100.8491  100.4799  103.6035  103.8831  104.1176  103.773  99.4666  101.0991  103.0362  103.7238  103.5154  104.1618  100.9434  101.5652  103.2944  104.0003  104.0889  103.9957 
 102.8818  103.4904  103.2333  102.6351  103.9906  103.2272  102.8395  104.3506  102.5564  103.7912  103.9134  103.7651  102.5463  103.5951  103.0643  103.8016  104.2875  104.5391 
 94.818  103.3547  104.2627  103.0191  102.1695  103.9687  99.4644  104.8919  102.8454  104.074  103.3905  104.1806  95.3284  103.1819  102.9174  103.8966  104.4047  104.1567 
 97.7296  102.673  102.8944  102.387  103.0582  103.8023  98.5519  100.3936  103.0849  102.1327  102.9025  104.0294  99.2966  100.9285  102.7936  102.8143  103.5055  103.2389 
 104.4702  102.4959  102.2916  102.6661  104.1362  103.0429  100.9314  102.3083  102.204  103.0383  103.1592  104.4264  100.002  102.3793  102.3161  102.4963  103.4507  103.562 
 100.2973  101.8461  104.0738  103.5737  104.4076  104.055  102.2394  102.3927  102.7279  103.6013  103.6782  104.5879  102.6115  102.4203  103.1551  103.9154  104.2645  104.2581 
 104.8492  102.6335  103.0197  102.3362  103.6776  103.0985  105.1691  103.8022  102.7275  103.9272  103.8695  103.8118  104.1495  103.126  103.1417  103.7898  104.2152  104.4082 
 101.3691  104.7567  104.8186  103.7597  102.3377  104.7144  102.4474  104.7256  103.0898  104.1606  103.7862  104.528  100.1935  103.8481  103.1395  104.1427  104.7551  104.5967 
 97.8075  103.4773  104.0642  103.1745  104.4571  104.3411  101.1677  102.8361  104.0796  103.0891  103.6859  104.7893  100.6698  101.99  103.7407  103.9394  104.2432  104.1064 
 108.826  104.1546  103.2592  104.2514  104.8766  103.8976  104.4048  103.5441  103.5673  103.9154  103.5198  105.1929  103.267  103.6825  103.5054  103.362  104.1856  104.1732 
 103.5418  101.4759  104.9743  104.0492  104.4582  104.5363  105.0718  102.2932  103.3222  104.8615  104.1614  104.7053  104.8375  102.787  103.8714  104.9138  104.8012  104.8181 
 103.1288  101.3298  101.4334  101.7471  102.5807  102.3882  104.3738  102.2145  101.5501  103.0796  103.1703  103.6048  103.0345  101.5265  102.1292  103.0316  103.5324  103.9556 
 100.5974  104.6983  104.2307  103.1714  102.4722  104.2982  100.1846  104.1856  102.3436  103.8217  103.6516  104.4814  99.816  102.9623  102.2909  104.0265  104.3827  104.4132 
 102.3715  104.0944  104.2139  103.2062  104.9395  104.7255  105.4441  103.2852  104.1559  103.4513  104.0318  105.0584  103.5263  103.3976  103.723  103.8429  104.7133  104.289 
 106.0036  102.1804  102.893  104.5718  104.891  103.9721  103.6885  102.9945  103.4461  103.5811  103.0282  104.8983  102.7747  102.3311  103.4126  103.3914  104.0206  104.2602 
 105.6821  102.7138  104.7157  103.9279  103.557  104.0763  104.7351  102.237  102.7509  104.2512  104.1481  104.7487  104.7356  102.7811  103.7651  104.3463  104.3925  104.4969 
 101.5612  102.994  104.1527  103.1465  104.4941  104.1358  105.3315  104.2482  104.3911  104.917  104.5437  104.8188  104.1042  103.9266  104.8517  104.9494  105.1533  105.1782 
 101.792  104.6004  104.682  102.8213  102.6866  103.5148  101.5185  104.4202  103.2464  103.7652  103.3997  104.1752  102.667  102.99  102.7423  104.0166  104.3663  104.1329 
 106.8746  104.2338  104.8324  103.9071  104.9798  104.9028  107.6788  103.1613  105.153  103.9836  104.5105  105.2753  105.0863  103.2554  103.9683  104.2022  104.936  104.5153 
 105.7011  105.2458  104.5985  105.6927  105.3713  105.2773  105.0852  105.2905  104.1935  105.0182  104.2888  105.5725  103.7151  104.4055  105.2277  104.3199  105.0379  105.0406 
 100.9488  101.7739  103.7783  102.5846  102.9294  102.9463  98.4597  102.1915  101.9672  103.1527  102.9308  103.9234  99.2804  102.3746  102.9445  103.2974  103.3877  103.5738 
 105.0822  102.3483  103.4898  103.1165  103.6977  103.8295  107.7792  103.4253  103.5905  104.5312  104.3657  104.6256  106.2047  103.8968  103.4152  104.6599  104.8208  104.8502 
 96.9962  103.8525  102.6771  101.2557  102.4259  102.5299  98.7844  103.6548  101.2118  101.9317  101.9619  102.9618  100.1104  102.2667  100.9568  102.2946  103.0704  103.0298 
 103.5201  103.7066  104.0868  103.4156  104.3991  104.5036  104.4979  103.5171  104.6363  104.0781  104.3242  104.9311  101.2186  103.1643  103.8248  104.2056  104.673  104.4183 
 104.355  104.7397  103.9276  104.8319  104.5591  104.822  101.9285  104.1507  103.7981  103.954  103.9169  105.1648  101.1382  103.7594  104.5751  103.5616  104.3748  104.34 
 101.418  100.9893  103.3266  101.9283  103.0229  103.3339  100.7106  101.4261  100.9325  103.1956  102.698  104.1496  100.5998  101.3212  102.0419  103.0914  103.3832  103.9661 
 102.403  99.7588  102.4316  102.473  103.0586  103.2067  102.9718  101.0096  102.3352  103.193  103.4738  104.1906  103.1284  101.6601  102.3943  103.5138  104.085  104.1056 
 94.2008  103.2838  103.3268  103.1841  103.2185  102.7782  96.4307  103.0386  102.5294  103.0515  102.6927  103.2239  95.9222  101.5268  101.9315  103.1329  103.6134  103.6551 
 105.4984  105.1633  104.6641  104.4385  104.7537  105.2801  107.8742  104.6137  104.8591  104.7274  104.6279  105.4605  105.1544  104.3264  104.5381  104.8859  105.3527  104.9111 
 106.0154  102.9742  103.426  103.8169  103.7062  104.3627  103.7443  102.2048  103.2731  102.9786  103.5937  104.2836  103.5638  101.772  103.6613  103.3277  103.8442  104.0297 
 105.6042  103.0614  103.7974  102.0669  103.7518  103.7581  103.9352  103.6792  101.5718  104.0721  103.348  103.438  102.993  103.1837  102.6895  103.4751  104.0242  104.4222 
 100.8  100.2913  103.3546  103.5966  103.5436  103.4245  101.4864  101.5086  102.9898  103.8868  103.7032  104.211  101.3295  102.6655  103.2981  104.0694  104.3202  103.9768 
 98.0668  103.7262  103.1608  103.7057  103.5966  102.8763  98.2112  102.901  102.3801  102.6836  103.0491  103.4767  98.3029  101.6505  101.8485  103.2202  104.0521  104.137 
 99.8212  101.7219  101.7492  101.9737  102.3256  103.6202  103.6897  102.4283  101.737  102.5495  102.4628  103.4891  101.7627  101.3598  101.5997  102.4907  103.2685  103.3332 
 107.635  105.9009  105.6178  104.5924  104.7329  105.3587  104.3751  104.5826  105.6318  104.7614  104.7813  105.3246  103.7951  104.6943  105.7959  104.7863  104.9012  105.2894 
 105.7396  103.6881  104.553  103.423  104.6095  103.4989  107.4161  104.8088  103.0698  104.5513  104.1022  104.0339  104.5753  103.6727  103.8197  103.959  104.6709  104.6153 
 100.9158  101.2885  104.1009  103.8282  104.3942  104.3382  102.5998  101.6248  103.6045  104.4061  103.7655  104.2521  103.3195  102.9643  103.9651  104.5761  104.5867  104.5541 
 102.3345  105.4819  104.6214  105.1401  104.6265  103.6055  100.3862  105.0593  103.5243  104.4349  104.5665  104.6475  101.0481  103.8078  103.4041  104.8504  105.1132  105.2259 
 102.9918  102.0757  102.5554  102.7385  102.6748  104.6313  106.5827  103.185  102.587  103.5004  103.215  103.8423  103.8708  102.1655  102.2432  103.3829  104.1019  103.9375 
 100.0335  101.7224  103.1464  102.0539  102.3303  103.2519  99.2609  100.4425  102.4507  101.9423  102.5856  103.6892  98.3676  100.7469  102.6509  102.2654  102.9762  103.5873 
 102.8837  105.7561  104.1913  104.0717  105.5459  104.0003  102.6388  104.8275  103.8061  104.7831  104.2933  104.2497  101.0882  104.2356  104.3004  104.6168  105.0079  104.9383 
 103.1453  100.0024  103.8488  103.682  104.0617  103.7557  103.4183  100.6717  102.5208  103.7362  103.5249  104.0964  103.9454  101.5434  103.1065  103.8256  104.0772  104.1673 
 101.3864  102.6835  103.0441  103.4828  103.7264  102.9891  100.8909  103.8573  102.298  103.5918  103.4322  103.599  100.9072  102.5674  102.1001  103.5455  103.9016  104.0653 
 101.2757  104.0886  104.2087  103.7059  102.9505  104.7796  104.6535  104.9832  103.7479  104.5097  103.9409  104.2275  101.915  104.1015  103.5931  104.4225  104.9685  104.7055 
 100.5048  102.5089  102.4523  101.7531  102.4315  103.5557  101.7091  99.6531  102.4201  101.647  102.5534  103.9661  100.5954  100.4687  102.0962  102.2718  103.0598  103.5835 
 104.9685  103.4197  103.031  103.1995  104.8637  103.4724  101.5839  103.1933  103.0248  103.835  103.3557  103.7226  101.2466  103.4094  103.6322  103.6017  104.0137  104.2626 
 101.149  101.9639  105.3552  104.531  104.8577  104.3458  102.7987  103.0329  103.7273  104.5482  104.2571  104.5  102.8627  102.7515  104.5104  104.5851  104.8813  104.8662 
 105.686  105.0081  104.1409  104.159  104.6058  104.0819  107.474  105.4139  103.7818  104.8058  104.8761  104.8222  106.9336  105.0508  103.3429  104.8351  105.0786  105.0735 
 105.1684  103.3857  104.0973  103.4054  102.1615  104.4172  107.0327  103.8113  102.7306  104.0467  103.5387  103.9549  104.4597  102.3809  102.9136  103.8192  104.6211  104.3202 
 101.7062  105.2127  105.3385  103.9792  105.4045  105.0317  103.2261  103.6642  105.6379  103.8889  104.6081  105.2735  103.1492  103.6826  104.9795  104.7198  104.9614  105.1927 
 105.8651  101.8268  102.5883  102.9924  103.7604  102.9201  102.0022  101.2872  102.6252  102.6856  102.4475  103.2388  100.9963  100.6045  103.2897  102.2153  103.4466  103.7251 
 98.5449  100.4051  103.2987  102.4234  103.6144  103.4164  99.0933  101.2792  101.2186  103.0665  102.9683  103.1887  99.369  101.833  102.5016  103.0538  103.5722  103.4264 
 102.2814  103.3588  103.0366  103.606  103.6722  102.8538  104.5641  104.0813  103.2659  104.5117  104.2092  104.4236  102.8212  103.3806  102.7802  104.4734  104.4683  104.7601 
 102.43  103.66  104.5619  103.1231  101.7756  104.0092  102.5783  102.997  102.9599  103.6091  103.2453  103.4738  102.7696  101.8465  102.5913  103.5738  104.1649  103.8351 
 96.8822  101.746  102.6487  101.6992  103.8324  103.5786  100.0532  100.3722  102.7292  102.2144  102.8505  103.9737  97.9228  100.7443  102.4912  102.7097  103.6582  103.8486 
 111.6236  102.2306  102.5044  104.5928  104.8058  103.8873  107.24  102.7519  103.1685  103.2522  103.046  103.6427  106.924  101.6324  103.3751  103.0056  103.8983  104.2773 
 100.4971  102.1741  103.8354  103.7159  103.2611  103.8207  100.9324  101.9551  102.0073  104.2909  104.0329  103.9337  101.0493  102.3239  103.5674  104.25  104.3791  104.3342 
 102.1005  100.7361  102.541  102.2736  103.9847  103.2874  106.8931  101.6219  102.4381  103.35  103.7226  104.3059  104.442  100.8158  101.8911  103.4021  104.0896  104.1871 
 104.6739  104.2745  104.6209  103.0666  103.1869  103.8932  102.2551  103.5025  103.1248  103.6423  103.3798  103.5372  105.0946  102.9921  102.888  103.8929  104.2712  104.2234 
 102.155  103.4088  104.1146  102.8197  103.6994  103.9481  104.1595  102.3748  104.0907  103.1793  103.4301  104.5578  101.539  102.6062  103.6116  103.5537  104.1357  104.0859 
 104.2092  101.8951  102.7659  104.165  104.2858  103.9783  102.8927  101.8677  102.6993  103.2077  102.9384  103.6539  101.9131  100.6596  103.347  102.6902  103.7959  104.2999 
 104.2167  102.9805  103.893  103.585  103.8451  103.7698  100.968  103.1827  102.3873  104.1431  104.4093  104.2466  102.0391  102.7573  103.5933  104.2614  104.5702  104.7434 
 104.0528  101.0953  103.0384  103.0483  104.4548  103.5524  109.2201  102.8066  102.924  104.0504  104.2507  104.59  107.6852  102.6813  102.7381  104.2402  104.5541  104.3519 
 98.8955  105.2586  104.4978  103.0389  102.5289  103.4706  100.0775  103.9708  102.8533  103.6429  103.8457  102.9169  100.6232  103.079  102.6215  103.7803  103.9921  103.8606 
 105.2889  103.1328  103.6653  103.4945  104.509  104.8533  105.908  102.6961  104.7142  104.0585  104.568  105.3775  103.0888  102.8804  103.595  103.9186  104.7208  104.7134 
 104.0191  102.1427  102.3319  103.5363  103.5919  103.4871  100.6654  101.4191  101.5179  102.5932  103.5243  102.9436  100.6131  100.2736  102.5471  102.5153  103.1543  103.6534 
 101.3494  100.5976  103.4525  102.5414  103.2717  103.2833  99.7693  100.8998  101.1994  103.2812  102.9538  103.4326  99.9288  100.3585  102.5463  102.5819  103.4284  103.9685 
 100.1557  100.6445  101.1539  102.2357  103.1314  102.9836  101.9205  101.6977  101.8998  103.3469  103.9656  104.1196  101.8891  102.4011  101.5821  103.1953  104.1683  103.9722 
 98.083  104.7022  105.2003  103.9576  103.5465  103.7745  101.4277  104.8242  103.69  103.9876  104.1614  103.5224  100.4718  103.1379  103.1821  103.898  104.4513  104.4613 
 100.852  102.3387  102.709  102.4457  103.8739  104.0342  102.2899  100.6813  102.9848  103.1951  103.3201  104.5966  100.66  101.5041  102.6467  103.1759  104.1174  104.0237 
 102.9055  102.3102  102.3357  103.0904  103.0102  103.6442  100.9821  101.9373  102.0041  102.3659  103.9646  103.4631  100.2765  100.9653  102.741  102.6985  103.1044  103.6621 
 101.7344  102.5995  103.8776  102.387  103.8567  103.2286  99.297  102.4989  103.5091  103.5417  103.1111  103.0725  99.0398  101.2381  102.8636  102.7977  103.6256  103.9368 
 102.2154  100.1007  102.9499  103.3759  103.8818  103.8196  103.9574  101.8463  102.9479  103.9575  104.5054  104.6213  103.704  102.8598  103.0208  103.6719  104.5619  104.4859 
 99.9765  105.102  103.9578  104.0306  103.7373  103.0265  99.6459  104.3154  103.6553  103.3484  103.4864  103.516  100.1711  102.9325  102.3727  103.3262  104.3685  104.4603 
 97.3149  103.7329  103.3684  103.0866  103.8453  104.7198  101.8446  103.2821  104.2573  104.0752  104.1082  104.5406  99.3835  103.3333  103.5844  103.8781  104.5677  104.2892 
 101.5091  102.532  104.0198  103.2454  103.6342  104.1327  99.1603  101.7183  104.0839  102.997  104.7936  104.2642  98.9108  101.1973  103.7208  103.3353  103.81  104.3125 
 103.8422  102.7658  103.3843  102.3816  104.1524  103.1504  102.7804  103.1076  103.1767  103.606  102.8886  103.2418  100.9277  101.7772  103.0223  103.0842  103.8705  103.9376 
 98.168  101.2564  104.0314  103.996  104.1079  104.0449  101.893  101.9109  104.5171  104.5823  105.2049  104.5458  102.2019  102.9188  104.0326  104.1817  104.7768  104.5048 
 100.7429  104.4022  104.0691  104.2566  103.728  103.0463  100.0792  103.88  103.3232  103.4993  103.4336  103.8463  100.3802  102.2351  102.5424  103.4871  104.5002  104.6602 
 102.3034  104.437  103.8562  103.8354  104.258  105.6488  104.9366  104.5385  104.9875  104.7443  104.6481  104.8567  102.9752  104.4537  103.6304  104.4542  104.7126  104.6884 
