 96.6358  102.6863  103.5409  104.5107  102.8295  103.9265  98.0915  102.3104  104.0352  104.386  104.9929  104.0758  100.8874  102.0728  103.7193  103.4689  103.6565  104.3491 
 104.2338  105.4224  102.2694  103.2131  103.2448  103.8744  104.7384  103.7885  104.0868  103.7322  103.8844  104.2738  103.2992  104.2272  103.5103  103.6663  103.9328  104.4888 
 102.901  100.3191  101.557  101.8591  103.0355  102.5422  98.8418  100.6526  101.2239  103.0556  103.8656  104.3708  100.9152  101.0614  102.4564  103.3438  103.4654  103.5549 
 98.1723  99.8592  103.7111  102.3004  103.5537  103.7711  102.3808  102.3807  103.0365  103.9036  104.7628  103.0696  100.4428  102.4379  103.2716  103.6936  103.7623  103.3638 
 102.6578  104.8355  103.312  103.8911  105.1521  105.2428  104.0284  102.5899  104.4222  104.7686  104.892  104.8615  103.3073  103.5176  103.5729  104.36  104.3048  104.2785 
 94.8205  102.2911  103.3844  104.6116  103.0686  103.7116  97.8738  101.78  103.9588  103.6171  104.7094  104.0924  99.82  101.3174  103.3845  103.4193  103.6606  104.1081 
 103.9614  103.5458  102.6247  103.7766  103.767  104.4334  102.8722  102.7932  104.5254  104.57  104.4392  104.7862  103.1022  103.0902  103.9008  104.2746  104.1458  104.7574 
 100.987  101.123  101.7925  102.8234  103.4527  102.5883  97.0971  101.1076  101.7044  103.2259  104.3671  104.479  98.0337  101.6798  102.6075  103.6868  103.8548  104.2398 
 102.1662  100.647  103.6782  101.7211  103.7328  104.2517  108.1843  103.2094  102.7294  104.104  104.9799  103.8434  105.4516  102.6911  103.355  104.168  104.5275  103.6687 
 100.2031  105.2317  104.2359  104.612  105.3012  105.6616  101.312  103.1451  105.2489  105.1479  105.1216  105.264  100.7725  104.5928  104.4521  104.4776  104.3954  104.731 
 101.1302  103.5026  103.5328  104.9896  104.2796  104.5503  102.7885  102.7582  105.1405  104.2972  105.4673  104.8922  104.2333  102.509  104.2559  104.369  104.5913  104.8537 
 101.6166  102.5201  102.409  103.8673  103.3454  104.3626  102.2786  101.6909  103.4074  104.7421  104.01  104.095  102.1875  101.7719  102.9131  103.8591  103.6489  104.2404 
 108.461  102.8965  102.5057  103.2509  103.3005  102.4628  103.2072  102.674  102.912  103.3579  104.5491  104.6965  106.2618  103.5272  103.6495  103.9509  103.9109  104.6323 
 95.9817  99.0449  102.6584  100.9547  102.6097  103.5306  102.9007  102.2942  101.3276  103.0167  103.9344  103.4737  99.6781  101.9636  102.362  103.0548  103.7067  103.0986 
 100.5612  102.746  102.69  102.6856  104.0561  104.4229  98.6857  100.5354  103.424  103.7283  104.1257  103.657  98.2587  101.3078  102.9646  103.1993  103.2846  103.3476 
 99.1363  102.2412  102.4513  103.0325  103.5742  103.4494  104.4442  101.3794  103.9196  102.9537  103.8303  104.3532  104.3169  101.1668  102.1756  102.8393  103.7253  103.8987 
 98.5202  104.483  102.9004  104.8662  104.0518  105.2126  97.51  103.2733  104.4973  105.2842  104.2488  103.7994  99.9238  103.3716  104.0369  104.8316  104.4446  104.7836 
 101.9057  101.1749  102.3058  103.4245  102.945  102.7886  100.5495  101.3113  101.9154  103.1958  104.3836  104.6103  101.3411  102.0465  103.2161  103.4432  104.0092  104.5518 
 98.2216  99.2571  102.7504  101.6535  103.0104  103.274  102.8252  102.4352  102.5255  103.4862  104.054  105.0844  99.3014  102.3652  102.7186  103.0094  103.4133  103.3455 
 100.4122  103.342  102.2924  102.6064  104.0839  104.4655  98.5539  101.3256  102.4519  103.6866  103.5947  103.686  100.1239  102.2752  102.7059  103.1822  103.7994  103.4556 
 98.7034  102.653  102.9916  102.7711  104.1554  103.7722  102.8229  100.782  103.1413  103.6142  103.5646  104.0364  103.4427  100.464  102.7791  104.0807  104.1272  104.1175 
 98.1985  100.9523  101.195  103.6302  103.0618  104.0333  99.0276  101.1606  101.0422  103.5749  102.9113  102.9634  100.0174  101.2392  102.4005  102.8103  103.577  103.8369 
 103.2773  103.965  103.3205  104.5817  103.0366  103.3058  101.4635  102.846  103.3609  103.9706  105.3244  104.725  102.2204  103.4405  103.6652  104.2284  104.6906  104.6466 
 101.7335  98.8312  102.9026  101.5254  102.9738  103.2215  103.7684  101.7219  102.15  103.6238  103.706  105.3043  100.8253  102.0576  103.0925  103.1251  103.5419  103.3796 
 98.9084  103.3474  102.7946  102.8359  104.7492  104.3324  99.1894  102.5483  102.9421  104.0016  103.9976  103.8133  100.4272  103.0758  103.2058  103.4778  104.0198  103.8755 
 100.6656  103.417  103.1135  103.3895  104.264  104.3758  104.5855  101.1944  103.9744  103.7229  104.1345  104.4285  104.1966  101.1273  102.9153  104.3346  104.2162  104.0819 
 98.9644  101.9792  102.5033  104.1369  103.553  104.187  100.6088  101.3129  102.0231  104.5254  103.3748  103.2264  101.7804  101.9242  103.3675  103.6017  104.0843  104.3369 
 102.9742  103.0913  101.5016  103.7685  102.2202  103.3182  99.7153  102.6519  102.6002  102.9833  104.6847  104.4061  100.838  102.2715  102.6342  103.4793  104.2871  104.4925 
 101.5934  100.1578  103.2962  102.5662  104.1029  103.7106  101.971  103.0842  102.9287  104.7151  104.2297  105.7011  100.1983  103.4453  103.85  103.9396  104.1224  103.803 
 100.2996  101.8676  102.792  101.1317  103.8303  103.9472  103.2922  101.9365  101.5015  102.6115  103.3257  103.7719  103.3852  102.2117  102.6559  102.3671  103.4391  103.7865 
 97.4241  102.9489  101.1199  102.6104  103.4371  104.1189  101.5116  100.0092  103.1284  102.9046  103.7081  103.5789  100.2159  100.8429  101.9192  103.3563  103.5416  103.3013 
 98.3542  101.4108  103.2674  102.9045  103.2635  103.5249  97.8019  101.7076  102.0311  104.2157  103.4912  103.5479  99.5439  101.8672  103.0849  103.7375  104.044  104.5963 
 104.1903  104.1237  102.0436  104.878  102.8029  104.1558  105.0625  103.1674  103.308  103.6487  104.3148  104.4935  106.2399  102.8317  103.345  103.5552  104.2656  104.5615 
 102.928  100.4015  102.3206  104.4571  103.7618  103.7738  101.5412  102.0584  102.3481  104.0783  104.3777  105.4343  100.7699  102.5567  103.0564  103.8191  104.1362  103.8215 
 97.4993  102.0804  104.2728  105.9859  104.3063  104.9473  99.7595  103.1735  102.4733  103.8959  103.8448  104.3774  99.4654  103.6969  103.9983  103.4406  104.018  104.1142 
 102.5706  104.706  102.2387  102.6448  104.8248  103.9347  105.2511  101.3849  103.9599  103.8516  104.4969  104.1807  103.1744  102.1933  103.1816  104.1972  104.3132  103.8395 
 99.5736  102.7266  103.8158  103.8915  103.0966  103.8792  100.4862  102.9957  103.5684  104.8297  103.8697  104.1703  103.2884  103.0424  103.3519  104.2963  104.2925  104.9399 
 101.711  104.3415  101.6699  104.128  103.6215  105.209  102.467  103.8569  102.0163  103.7283  104.2138  104.129  103.5293  103.1962  103.0136  103.5582  104.2879  104.5407 
 108.9088  100.3284  102.6004  104.9697  104.2304  105.0315  106.3935  101.8405  102.9863  104.1637  104.3769  105.4672  104.4417  102.6685  103.4431  103.9348  104.3814  104.1168 
 94.1951  100.931  102.9614  104.1525  102.9685  103.3084  97.4485  101.5712  101.7406  102.4804  102.8141  103.372  97.5876  101.7981  102.7507  102.1344  102.7106  102.676 
 103.1087  104.5718  102.7784  103.9644  105.1748  104.6888  106.1081  102.265  103.9402  104.1869  105.0154  104.7919  105.1897  102.9856  103.3928  104.4357  104.8568  104.4884 
 98.9377  102.1109  102.8221  102.886  102.6412  103.1466  100.9407  100.5973  102.7828  104.1218  102.9945  103.6055  103.0205  101.8558  102.7611  103.6637  103.783  104.3298 
 102.8814  105.6839  103.1102  104.9978  104.04  105.5508  102.7883  103.3673  102.8357  104.6726  105.0891  104.5154  103.2048  104.4245  104.0678  104.3921  104.9806  105.0814 
 108.7418  102.9931  102.5103  105.2953  104.8738  105.2614  105.3689  104.7541  103.596  104.6705  104.8732  105.7472  104.4343  104.4673  103.6359  104.9552  104.8791  104.6992 
 98.3666  101.1958  103.9241  105.8035  104.0978  104.4549  102.0963  103.5078  102.7316  104.1247  103.9993  104.8673  101.466  103.3842  103.4907  103.369  103.589  103.6229 
 96.3595  103.7084  101.6064  103.9221  103.912  104.8354  97.9381  102.2062  102.6419  103.8093  104.1203  104.0775  98.8107  102.0153  102.7749  103.7372  104.269  103.9688 
 98.5747  102.247  103.8489  102.6108  103.1011  103.2336  97.63  100.8505  104.1571  104.288  103.4217  103.7901  101.3796  101.9087  103.6069  104.123  104.1164  104.2485 
 101.8894  103.2632  101.6405  103.3094  103.417  103.7572  98.2488  100.7379  100.8521  103.0936  103.512  102.9793  98.3226  101.9027  102.5737  102.6917  103.5693  103.7955 
 101.964  100.1689  101.6047  104.6464  103.4471  104.7931  100.8816  101.1837  103.0481  103.3941  104.1323  105.0462  100.1664  100.9991  102.6604  103.7974  104.0517  104.2013 
 97.3644  100.4391  103.4506  105.1765  103.984  104.2452  100.7532  103.228  102.3944  103.8659  104.214  104.8989  97.4317  102.6271  103.1617  102.855  103.531  103.4596 
 103.6439  104.7821  103.6565  104.9683  106.1324  105.1079  105.2699  103.9655  103.8411  104.4006  104.7038  104.5871  103.5102  103.4186  104.3828  104.5122  104.814  104.5367 
 98.1698  102.8431  102.9571  102.3636  105.1635  103.2983  98.1208  100.6406  103.8027  103.7506  103.5402  104.1488  102.0189  102.3366  103.2844  104.2544  104.2199  104.2583 
 103.2419  102.9583  101.9839  103.3295  102.9429  104.916  100.7049  101.8371  100.8721  103.3775  103.9062  103.4311  100.3529  102.0716  102.6268  103.0132  103.9765  104.0642 
 102.7585  103.1452  103.3326  105.9944  104.861  105.0276  98.9222  103.1369  104.2251  104.4391  104.6972  105.1326  99.8904  103.5683  104.1904  104.6861  104.5914  104.6994 
 97.9705  99.5175  102.9028  104.7311  103.9537  104.0659  101.982  102.3015  102.4804  102.7149  103.9276  104.3918  98.172  101.697  102.7303  102.6177  103.3309  103.6235 
 102.5741  104.2751  102.7298  104.4287  105.5223  104.2625  102.7447  103.5429  103.4739  104.4314  104.2062  104.4424  101.7634  103.1648  103.9059  104.0989  104.2857  104.4146 
 102.0588  102.4382  102.8767  101.6914  104.5702  103.489  103.2093  99.9839  103.0056  103.1011  103.3435  103.8468  105.1286  101.2448  102.238  103.7441  103.9545  104.053 
 100.0899  102.014  101.1302  103.3608  102.9887  103.8874  98.1302  100.7875  100.761  103.1217  103.0352  102.7532  97.8269  101.1508  102.3025  102.9461  103.3768  103.5706 
 104.2795  100.5051  101.4517  103.9156  103.0672  104.4276  102.9354  100.2391  101.4511  102.8741  103.8029  104.1758  103.125  100.8553  102.0036  102.7462  103.4906  103.8032 
 100.4479  101.5764  103.5565  106.2922  104.9965  105.2423  103.3977  104.7589  104.1388  103.9174  105.0697  105.8469  100.332  104.3952  104.2951  104.222  104.5291  104.761 
 101.3277  104.5825  103.27  105.249  106.479  104.5456  99.8594  103.6958  103.6677  104.8985  104.757  104.6598  99.034  103.1656  103.9713  104.2705  104.7038  104.8551 
 97.6711  103.5058  103.6996  102.1672  104.521  103.266  100.2831  101.0829  103.7289  103.8264  103.0853  103.4968  102.239  101.9168  103.006  104.13  103.8473  103.7706 
 99.3598  103.1895  101.8563  103.5252  103.473  104.4392  99.2399  102.5597  101.3915  103.0774  103.5664  103.4426  98.7  102.5272  103.0843  103.4021  103.9694  104.093 
 100.4305  102.8772  102.6422  105.0611  104.0498  104.4319  98.4183  101.2404  102.9869  103.995  104.839  104.569  98.1506  102.7915  103.1078  103.7601  104.3425  104.3501 
 101.1586  100.0031  102.7963  104.3443  103.4079  104.5724  100.4794  102.9152  102.0729  102.8132  103.6562  104.8468  98.8436  102.6246  103.2089  103.1708  103.3223  103.7419 
 102.7639  104.3736  103.4424  105.8909  106.7725  104.9606  104.9994  104.6625  103.8061  104.7152  104.6821  104.7629  103.6196  103.9991  104.0715  104.2987  104.8682  104.9901 
 98.7007  105.0187  103.9484  103.2202  105.2904  104.1589  98.9966  102.4789  104.7709  104.505  104.7851  104.9853  101.661  102.8891  103.7159  104.9496  104.8245  104.8592 
 97.9358  101.1853  101.1165  102.3222  103.3894  103.6171  100.6935  100.2443  100.8852  102.5195  102.5698  102.6562  98.8197  100.7496  102.509  102.7487  103.4681  103.416 
 103.5901  102.8613  102.5846  105.2928  103.8565  105.019  97.9595  101.22  103.0952  104.3351  104.9511  104.4227  99.7643  102.3434  103.1583  103.8209  104.4686  104.3181 
 101.6212  99.7361  103.5336  104.8882  103.486  104.3033  102.842  103.4708  103.0484  103.0832  104.1229  105.2454  99.9846  102.8943  104.0072  103.8183  103.8943  104.3444 
 99.9149  104.5236  104.4534  105.6974  106.9668  105.0731  102.1698  104.8881  103.6923  105.3277  104.8611  105.0639  101.0534  104.2021  104.4991  104.3479  104.9508  105.1016 
 98.6023  105.1404  102.9638  103.7514  105.5599  104.5281  99.7569  102.5074  104.5676  104.4485  104.7799  104.468  100.4168  103.176  103.3994  104.7172  104.6027  104.7593 
 100.4004  103.8098  103.9099  103.6155  104.4104  103.9905  100.3771  102.8348  103.0596  103.9897  103.9501  103.8755  100.1717  103.4723  104.1053  104.5555  104.7463  104.4155 
 103.994  105.948  103.2853  105.9912  104.9179  105.9523  101.397  103.4009  104.2343  104.9905  105.2737  105.3316  102.168  104.4704  104.2419  104.7171  105.108  105.0254 
 107.0487  99.5841  102.2477  104.8333  103.6955  104.5478  104.9236  101.779  102.5699  103.1972  104.1077  104.9889  103.7151  101.7623  103.274  103.8813  103.9076  104.4259 
 100.2971  99.7711  102.8782  104.7197  104.7518  103.9073  103.8957  102.0764  101.0438  103.4078  103.1866  103.7867  101.5751  101.1442  102.2123  102.3937  103.3153  103.6026 
 101.2799  105.0859  103.5017  103.8551  106.2547  104.9999  102.1801  103.0462  105.4599  105.3105  105.3738  105.0716  102.5369  103.3131  104.5354  105.4564  105.0771  105.2244 
 101.2709  102.7122  103.5626  103.0219  103.7342  103.0953  100.6899  100.687  102.4741  102.9054  103.6215  103.2549  100.9663  101.8023  103.1902  103.7172  103.7977  103.6911 
 98.0155  104.0636  102.3708  105.235  104.3859  105.3849  97.11  102.7734  103.8011  104.4472  104.7771  104.4789  98.9304  103.1481  104.0148  104.2187  104.6455  104.4973 
 106.7524  101.5901  102.3008  104.3106  104.2076  104.7541  104.0116  102.7175  102.7606  103.3382  104.091  105.1614  102.1427  103.0319  103.0491  103.7159  104.1355  104.5897 
 95.8198  98.9008  102.5134  104.4912  103.4285  103.4898  100.7131  101.481  101.1592  102.5853  102.6293  103.5843  96.4495  99.4832  102.248  102.071  102.7905  103.3444 
 99.1135  104.5721  103.3756  103.4438  105.8972  104.3396  100.7198  102.5038  104.3771  104.7687  104.7008  104.5365  100.6287  103.7868  104.0534  104.3596  104.7036  104.4749 
 100.363  102.9022  104.9632  104.2353  105.4214  104.302  98.5578  101.4275  104.4066  103.7048  104.3351  104.373  102.2465  103.2124  104.3802  104.9385  104.9323  104.8402 
 102.8258  104.1741  103.3039  103.5212  103.3261  104.8074  100.0691  101.8279  101.6081  103.5074  104.4412  103.662  100.8546  102.6029  102.5426  102.9498  104.0647  103.9244 
 103.7439  101.1275  102.5795  104.32  104.0257  104.5309  102.0904  102.4555  103.0287  103.2728  104.1582  105.0814  100.1353  101.787  102.8405  103.8535  104.1669  104.4292 
 97.3413  100.8829  103.9007  105.3648  104.5768  104.4325  101.7153  103.8383  102.388  103.6206  103.413  104.5257  97.8871  102.8042  103.4594  103.2253  103.4516  103.9913 
 101.4905  102.6798  104.1815  104.1903  105.8568  104.5721  102.2514  101.8401  103.2915  104.3975  104.6039  104.3865  101.1787  102.753  103.3008  104.1114  104.6754  104.5678 
 101.902  104.2893  104.5374  103.2693  105.3789  104.1677  101.4399  101.8036  104.3915  104.3419  103.9574  104.3828  105.3704  103.4605  104.2305  104.9585  104.8286  104.7522 
 100.3353  105.2254  104.3671  105.2509  103.7321  104.8952  96.997  102.9333  103.0604  104.7058  105.3661  104.2945  97.4757  104.0512  104.137  104.4015  104.9307  104.7841 
 100.9095  102.669  103.5948  104.6664  104.4176  105.041  100.2742  102.9259  104.0313  103.9086  104.6104  105.1538  98.0914  101.9515  103.5821  104.5196  104.2454  104.5409 
 99.5151  98.3432  102.8327  104.5084  103.8219  103.8406  103.0736  101.7852  101.5075  102.0917  102.9408  104.1849  99.7797  100.5705  101.1015  102.1028  102.7486  103.4146 
 99.3747  101.4786  103.3641  103.4991  104.7999  104.0801  100.1329  100.7998  102.3132  103.6751  103.3408  103.7043  98.5211  101.7787  102.688  103.2544  103.8226  104.0495 
 96.9323  102.8918  103.0081  101.8595  104.8398  103.2876  96.3934  100.1203  103.4159  103.5065  103.5664  103.764  100.4283  101.6437  102.8449  104.0447  104.1118  104.1009 
 102.758  101.9401  103.1013  103.4248  102.8356  104.1973  99.429  100.4711  100.8007  102.876  104.1025  103.2388  99.8459  101.6375  102.686  102.6062  103.6886  103.6539 
 105.5293  102.3005  103.3074  104.6733  104.3115  104.4898  102.9044  102.6573  103.4171  103.3732  103.9673  104.6165  102.9353  101.7801  103.3219  103.671  103.8723  104.1664 
 98.5083  100.4173  103.4342  104.6881  103.7947  104.0371  103.34  103.1076  102.5152  102.807  103.8468  104.6331  99.1936  102.1738  102.1258  102.7933  103.318  103.7491 
 96.5348  102.0161  102.8738  103.5197  104.9978  103.7904  96.1957  102.1443  102.13  103.3212  103.1693  103.6676  94.5331  102.2477  101.9839  102.8878  103.6352  103.8088 
 97.237  104.3532  103.9527  102.3218  105.1711  103.8936  98.8581  101.306  103.6864  103.8396  103.7335  104.195  101.4989  103.6782  103.5491  104.6013  104.4232  104.4647 
 102.8323  103.7684  104.8292  104.4572  104.0809  105.1082  100.7656  102.6259  102.6296  104.4701  104.8168  103.838  99.8809  103.4642  104.0056  104.1464  104.6787  104.6795 
 105.407  102.9574  103.6564  104.8669  104.4354  105.0284  100.8683  102.9494  103.6558  104.1651  104.8956  105.0324  103.7552  102.2272  103.9289  104.1183  104.4474  104.5119 
 95.722  98.9655  102.7968  104.4575  103.0435  103.9163  101.4415  101.6124  102.4074  101.8853  103.1891  104.189  96.7212  100.7838  101.8559  102.2771  102.7635  103.2737 
 101.1108  102.7056  104.1441  104.241  105.8761  103.9474  99.2326  102.8228  102.8054  104.1593  103.9033  104.1938  98.5788  102.3715  102.8921  103.6052  104.2098  104.4044 
 96.1775  103.319  103.2815  101.9837  104.9266  103.8279  98.4139  100.3776  103.7472  103.837  103.7607  104.3707  99.8156  102.4354  103.0566  104.2026  104.3189  104.1484 
 101.6191  102.9883  103.7831  103.9364  103.4464  104.6921  100.5671  102.3079  101.3179  103.1925  103.9078  104.8947  100.3487  102.8537  102.7435  103.5234  104.0306  104.0086 
 98.9924  103.6861  103.2982  104.8182  104.1541  104.347  96.8715  102.4056  103.3298  104.1788  104.4815  103.8176  97.7217  102.6493  103.8609  103.8351  103.9399  103.9716 
 102.3513  100.7985  103.503  104.7889  103.8108  105.0761  103.9619  103.864  102.8771  103.02  104.1282  104.0958  100.9053  103.1517  102.5673  103.4131  103.607  104.1562 
 97.2054  101.7819  104.2426  104.5983  105.4105  103.7123  96.8169  102.653  102.5241  103.6974  103.2338  103.5717  95.3533  102.0172  102.7668  103.2266  103.8599  103.7445 
 97.3236  103.1888  102.6891  101.5856  104.3984  103.6018  98.2548  100.3839  103.1481  103.0604  103.4951  103.7955  99.8812  102.1773  102.4088  103.8309  103.8293  104.0571 
 97.1517  103.7917  103.7792  103.7007  104.2805  104.834  99.4163  102.5728  101.9929  103.6092  103.8367  105.3983  100.5295  103.3966  103.0927  103.6812  104.2401  104.1681 
 104.1927  103.958  104.1515  105.0611  103.7902  104.8632  99.4067  102.2995  103.7228  104.0859  105.3531  104.249  102.2502  102.5485  104.4665  103.7821  104.4973  104.401 
 103.1466  101.9134  103.7447  105.6754  104.7663  105.1654  104.2095  104.7982  103.5605  104.208  104.2751  104.5143  104.1371  104.4203  103.3186  104.4956  104.3377  104.6512 
 98.9174  100.0374  103.4882  103.0726  105.2126  103.5262  99.0123  101.8834  101.1092  102.9696  103.0598  103.2316  99.8279  100.5921  101.5506  102.268  103.34  103.431 
 99.1316  104.8442  103.4609  103.3109  105.1709  104.2159  102.3524  101.8526  104.8187  104.2847  104.2633  104.0751  102.273  103.5341  103.7042  104.5929  104.3396  104.3592 
 101.8256  101.3782  102.9398  102.9451  103.4487  103.5786  101.0104  100.9928  101.0974  103.3581  103.3474  105.0903  103.3092  101.6214  102.17  103.5491  103.9259  103.7748 
 98.8635  103.6684  103.4101  104.6662  103.3722  105.1962  95.4529  100.7801  102.853  103.5284  104.5264  103.8619  97.7863  101.644  103.6476  103.3736  103.8425  103.9278 
 100.4747  98.8386  102.5438  104.132  103.7636  104.472  99.4122  101.6223  103.0508  102.7229  103.7095  103.9325  100.3647  101.4025  102.4901  103.2118  103.5289  104.1034 
 100.1455  102.2717  105.3056  105.0641  105.7681  104.0917  103.1683  104.6162  102.1916  104.1476  103.4697  103.6372  102.5296  102.6515  103.0795  103.196  103.9125  103.7675 
 100.8979  103.1804  103.3596  102.8458  105.0028  104.1827  101.3194  100.85  104.1831  104.0789  104.3202  103.941  102.2031  102.3796  103.4671  104.1903  104.2405  104.2643 
 98.9112  102.8802  103.255  102.7658  103.884  103.7299  98.6532  101.5931  102.069  103.3697  103.6652  105.2045  100.2168  102.7563  102.5097  103.7456  103.9198  103.9659 
 99.3877  104.0421  104.1141  104.6598  104.0462  105.2704  98.4719  101.7384  103.2107  103.7185  104.7874  104.4639  101.4109  102.5811  103.9387  103.7501  104.4188  104.2278 
 101.7186  100.368  102.0436  104.0106  103.5502  104.1931  100.0032  101.9708  102.0767  103.0903  103.4161  103.4168  99.1457  102.0782  102.1006  103.3978  103.2856  103.7289 
 97.4589  100.5154  103.7896  105.0892  104.2559  103.9089  100.4247  103.6401  101.357  103.4292  102.6952  102.9967  99.5003  100.9467  101.9603  102.6807  103.0376  103.4215 
 99.5271  103.7422  103.3352  102.3188  105.1004  103.6161  100.424  101.5269  103.6044  103.896  104.0689  104.0142  100.5813  103.029  102.9979  103.6315  104.1093  104.0412 
 98.4833  101.1823  102.7838  102.955  103.8205  103.6011  98.3429  99.6165  103.8886  102.6843  103.0659  104.6475  101.9171  101.6654  102.0503  103.3627  103.5477  103.6773 
 104.8706  106.218  105.2847  105.0811  104.702  106.0009  101.4712  103.9207  104.5829  104.8833  105.4585  105.1942  104.7597  104.4332  105.0621  104.7589  105.1295  104.825 
 105.4627  101.2996  104.1677  105.1996  104.5876  105.4782  103.3339  102.9158  103.8439  104.6532  104.8918  104.7699  102.6917  102.4162  104.3545  104.8817  104.648  105.0541 
 100.9052  100.3827  103.9079  105.557  105.2155  104.5148  106.2293  103.7243  104.0124  103.9787  103.7028  103.1741  104.0178  101.9546  102.4483  103.3645  103.7381  103.902 
 101.8653  104.2855  104.1608  104.3162  105.8711  104.5733  103.2407  102.737  103.2174  104.7567  104.6367  104.8228  103.8453  103.7441  103.5562  104.5335  104.7021  104.6708 
 100.3258  102.2325  103.4625  102.5906  104.2704  103.8201  99.1361  100.3084  102.97  103.5768  104.2875  104.8522  103.5625  102.0429  102.5857  103.707  103.9098  104.1067 
 102.2058  106.3196  104.8437  105.24  103.6638  105.2319  97.7101  103.4282  104.4641  104.5995  104.3645  105.3186  100.8467  104.5503  104.8012  104.1208  104.8875  104.6149 
 103.2676  102.0375  103.7466  105.0129  104.4339  105.3447  103.3544  103.1469  103.6197  104.118  104.8168  104.2683  101.3532  102.1816  104.1497  104.3732  104.3869  104.525 
 98.7706  99.4157  103.2212  104.4302  104.4305  103.5162  101.605  102.8784  103.6303  102.6488  102.6672  102.6036  101.6785  101.3201  101.6375  102.4119  102.724  103.1254 
 100.2322  102.6906  103.2748  103.5824  105.1718  104.1187  100.6707  102.0375  101.9272  104.1664  103.8763  103.7638  100.268  102.4399  102.6228  103.0577  104.1173  103.9996 
 93.0944  103.7888  103.4508  102.1853  104.6153  103.5937  94.1005  101.0207  103.7766  103.251  104.3014  104.7267  97.5692  102.9021  103.0131  103.8539  103.9411  103.9879 
 102.0731  103.0021  103.5743  104.1895  102.8692  104.2831  97.4288  101.337  103.1808  103.5761  103.4166  104.3956  100.9353  102.4623  103.3771  102.8739  103.8578  103.6519 
 104.4896  101.232  102.2898  103.9082  103.6503  104.7198  102.0569  101.6681  101.8281  102.9799  104.0657  103.8076  101.9782  100.7591  102.7011  103.0192  103.6309  103.8864 
 99.6203  101.8307  105.0885  105.4567  104.984  104.566  104.1626  104.5721  105.4706  103.7699  104.292  103.7635  103.292  103.5857  103.4538  103.821  104.0298  104.2035 
 99.765  103.1094  104.2059  104.0948  105.4739  104.0645  100.4269  103.9117  102.5111  103.9555  103.6332  103.7675  99.8241  103.3178  103.0499  102.8949  103.5578  103.9424 
 97.2718  103.8181  103.5216  102.0274  105.1395  103.8246  97.6502  100.5798  103.757  103.6992  104.6065  104.8363  99.8835  102.98  103.2021  104.0181  104.3349  104.4396 
 102.1799  100.886  103.5901  103.5935  102.7236  105.0306  99.7507  99.1894  103.2546  103.6933  103.3561  104.6195  103.6146  100.133  103.1596  102.9273  103.7778  103.9837 
 104.9189  103.4673  103.6235  105.0466  104.7848  105.2761  100.2241  103.8256  103.1574  104.1517  105.0181  104.6666  101.6283  103.2301  103.7551  104.0215  104.3812  104.5822 
 97.275  99.9266  103.7936  104.1377  104.721  104.6027  102.8526  102.7158  103.6426  103.0524  104.2157  103.8572  101.9534  101.771  102.5153  103.264  103.7216  104.0326 
 104.3997  102.8553  104.0079  104.1639  105.249  104.1284  102.9312  103.0188  102.971  104.4087  103.5689  103.9604  102.028  102.651  103.0925  103.4048  103.8179  104.2512 
 98.5063  104.6677  104.627  103.5146  105.8596  104.7725  100.155  101.8695  104.6506  104.8904  105.0625  105.1443  102.6182  104.146  104.3077  104.9171  104.9154  104.7896 
 101.5971  103.5487  104.1569  103.4921  104.1696  104.9002  101.0173  101.8787  103.6972  103.9309  103.9747  105.35  104.0471  102.6141  103.3537  103.7716  104.3271  104.6795 
 104.25  103.6659  104.2874  105.0129  104.2714  105.0752  101.2667  103.5136  103.8295  105.0653  105.1807  104.6125  101.7742  103.3538  104.4084  104.3225  104.5353  104.6042 
 99.4453  101.0301  104.2663  103.8283  104.6712  105.2688  102.6647  103.7655  104.2554  103.4404  104.619  104.1015  101.8067  103.1727  103.2444  103.8503  104.3006  104.03 
 102.7929  103.3943  105.0914  105.6968  106.5113  104.6008  102.3433  102.6493  104.0323  105.0925  104.3499  104.4708  101.7647  103.4997  104.0545  104.3353  104.3849  104.8522 
 99.766  104.3991  103.6434  102.5746  104.5582  103.8104  100.9204  102.6625  103.4503  103.9399  103.8683  103.9007  103.4454  102.5549  102.9272  103.6011  103.7185  103.961 
 101.3412  102.7224  103.9798  102.7644  103.6877  104.666  102.3825  103.1621  103.9663  103.5267  103.6906  105.4201  104.9873  103.4216  103.4792  103.6159  104.099  104.2418 
 106.734  104.6304  104.6584  104.5136  104.2526  104.8364  102.9414  103.7116  103.1575  104.651  105.0684  104.3051  104.3569  103.116  104.54  104.0169  104.6575  104.5693 
 101.3391  100.8408  103.2921  103.84  104.7632  105.2385  101.658  103.7575  104.331  103.4258  104.9902  104.3793  101.1212  102.9643  102.7571  103.6892  104.3053  104.3391 
 95.7793  102.3253  105.3745  104.7746  106.0672  104.5672  96.1959  102.1594  103.4044  104.3359  103.9369  104  97.1291  103.1603  103.2316  103.7751  103.928  104.344 
 100.8667  102.988  102.2201  102.7387  104.5843  103.6147  102.5185  101.2156  102.416  103.4086  103.6583  103.8805  103.2388  101.4736  102.1994  103.0309  103.7651  104.054 
 99.4208  102.015  102.8462  101.7466  103.3806  104.0741  101.4746  102.5703  102.995  102.8837  103.5627  105.153  103.8938  101.9745  102.58  102.9936  103.6047  103.76 
 104.6855  104.2795  104.2581  103.8014  103.8837  105.3985  98.7654  102.6505  103.3885  104.584  104.5964  104.2479  101.332  102.3238  104.1803  103.9453  104.4962  104.5174 
 106.8666  101.0576  103.2504  105.073  104.5991  105.0945  106.4926  104.1688  103.9434  103.6982  105.6068  104.6419  106.4139  103.773  103.0444  103.9873  104.6585  104.7919 
 99.1444  101.5507  105.5022  104.5414  106.5289  104.6497  101.8127  102.336  103.7274  104.6152  103.9633  104.437  101.669  102.37  103.2488  103.8245  104.1122  104.8123 
 98.7047  104.6481  103.1898  103.323  105.0705  105.3849  100.5207  102.4279  103.1359  104.2742  104.2303  104.1578  101.0057  103.2177  103.3696  103.9968  104.2082  104.441 
 100.802  101.4935  103.0558  102.5766  104.4579  103.9636  103.9938  102.5567  103.4695  103.1851  103.7099  105.0524  103.151  101.6452  102.3957  103.1464  103.8419  103.7456 
 99.6668  105.1924  104.7666  103.5445  103.0147  103.3905  101.9943  102.8783  103.7372  104.4069  104.617  104.5853  100.2075  103.4215  104.5387  104.0166  104.5164  104.5149 
 102.2194  100.7906  103.6001  104.3514  103.2426  104.2871  98.7065  103.3881  103.3431  103.5471  104.881  103.9  100.5628  102.6315  103.2331  103.6706  103.7882  103.9243 
 103.228  102.7806  105.7634  105.6038  104.4119  104.6067  104.4082  104.1321  104.9287  105.2017  104.1186  104.3974  105.4876  103.7407  104.0904  104.4599  104.6773  104.9196 
 97.8897  103.4433  103.673  103.5111  104.476  105.131  100.3926  100.9551  103.1746  104.3415  104.2944  104.3154  97.9904  102.6329  103.4052  103.8194  103.985  104.4181 
 99.6605  104.3238  104.8402  103.6213  105.8478  105.2931  102.7255  105.7768  105.549  104.6363  105.2469  106.0434  103.1532  104.2809  104.2191  104.8253  105.2488  105.0048 
 100.9681  102.8955  103.3157  101.5498  102.1243  102.697  104.0759  101.043  101.8835  102.5478  103.0618  103.5948  102.5272  102.0588  102.6718  102.1047  103.2422  103.544 
 102.0474  100.4126  103.2542  104.0515  102.2662  103.8788  97.8885  102.7426  102.9567  103.6595  104.5825  104.0177  98.2371  102.2145  103.0702  103.6874  103.5651  103.8749 
 99.5448  100.3281  103.4044  104.1614  103.8488  103.6744  101.6912  100.7988  103.2897  103.4918  103.2221  102.8442  103.1649  101.4635  102.108  103.0172  103.5843  103.98 
 101.2197  104.1589  104.1689  103.7369  104.6629  105.3583  102.8959  102.3852  103.5268  104.4418  104.4571  104.808  102.6186  103.2827  103.5246  103.7544  104.2065  104.6067 
 96.4103  103.1694  103.6862  102.6841  104.3652  104.1904  101.6463  104.4915  103.3983  103.3574  104.3419  104.9709  99.9461  101.8265  103.0553  103.7832  104.2132  104.213 
 102.7055  105.1103  103.894  102.4538  103.4998  103.7986  103.8269  103.059  103.5343  104.4105  104.3878  104.9769  102.7526  103.6798  103.7183  103.2611  104.2657  104.287 
 106.0946  102.9433  104.8945  105.5274  103.3446  104.9416  103.0407  104.4187  103.9654  104.8198  105.4619  104.7019  102.3335  104.219  104.5332  104.9958  104.8641  104.819 
 101.565  102.6622  105.0106  105.3067  104.2359  104.1175  100.7649  104.5933  105.4006  103.8407  103.7838  103.6032  103.6992  104.5999  103.9688  104.0625  104.2893  104.7118 
 99.4977  101.3524  104.0344  103.2692  104.4068  105.0092  99.282  101.0994  102.7911  103.1941  104.1768  104.2157  99.2519  102.4811  103.2864  103.5757  103.7528  103.9621 
 95.6805  101.7231  103.3563  101.9594  104.0531  103.7921  98.7651  103.1898  103.7247  103.329  103.9454  104.5937  97.7838  101.102  102.7665  103.1106  103.7475  104.0572 
 106.5178  103.1457  103.8796  102.9532  103.9081  104.3106  105.2576  103.741  103.4116  104.8697  104.2343  105.0422  102.9312  104.0334  103.8754  103.4317  104.2981  104.4322 
 100.9315  102.6674  103.5447  104.2252  102.2593  104.0417  97.8613  102.3619  102.6393  103.735  104.3348  104.0607  97.5992  101.736  103.1986  103.7783  103.9905  104.0445 
 103.1234  101.7047  104.2406  104.0005  103.172  103.2033  101.2559  102.5642  104.2512  102.8695  103.2662  103.0973  102.4885  102.8861  102.7482  103.1273  103.2597  103.7936 
 100.5321  101.6452  103.5392  103.4129  104.272  104.8269  100.0241  101.2397  102.6235  102.7247  103.4108  103.8064  99.932  102.257  102.6459  102.6572  103.4847  103.7841 
 100.7203  103.0006  103.8924  102.786  104.9026  104.0187  103.9428  104.5458  104.0998  104.3343  104.8717  104.7113  103.4004  102.48  103.6233  104.5182  104.5299  104.6257 
 108.1867  104.9446  104.9184  103.625  104.2806  105.094  108.5934  104.4335  104.6346  105.5887  104.5689  105.491  105.8104  104.4899  104.6226  104.3738  104.8513  104.7449 
 102.8074  100.7007  102.7602  103.9388  102.0722  103.7838  98.2323  101.6146  102.3725  103.5212  103.8029  104.0367  99.0834  101.5947  102.6159  103.2413  103.6158  103.7644 
 102.205  101.9754  104.37  103.866  103.1664  102.7431  101.3294  101.8324  103.6946  103.2493  103.9042  103.2407  100.8363  101.5395  102.7449  103.227  103.4576  103.9708 
 103.6521  102.486  104.1374  104.3675  105.0746  105.6182  102.4256  101.3258  103.2104  103.4111  104.0203  104.2599  103.1983  102.6378  103.1221  103.5579  104.3306  104.3863 
 101.2611  99.5248  102.9107  102.3262  104.3005  103.9532  103.8734  102.6737  102.8745  103.638  103.9803  104.3456  101.5786  101.1988  102.6702  103.6513  103.9297  104.2036 
 106.5881  104.2661  104.8872  103.5344  104.6993  104.4466  108.2079  103.6843  104.5639  105.211  104.3597  105.3946  106.4227  103.1185  104.22  104.2909  104.5786  104.5078 
 104.3887  99.7845  101.886  103.0494  101.1312  103.3737  98.3201  100.7821  101.5544  102.7184  103.3838  103.4234  99.4933  100.9182  102.1074  102.2164  102.9603  103.316 
 100.7331  102.6921  103.8132  102.9608  103.2556  103.6052  99.3357  102.7333  103.3955  103.5881  104.1067  104.0074  99.648  102.4443  102.581  103.2876  104.0383  104.304 
 102.2495  104.0251  104.6656  105.2408  105.0829  105.2054  100.6232  102.8436  103.8657  103.0618  104.2846  104.1127  102.6165  102.8921  103.4779  103.893  103.9779  104.4678 
 98.3542  99.0452  102.5099  102.1008  103.6902  104.0988  101.4707  101.9521  102.762  103.4004  103.1342  104.0066  97.5732  101.5276  102.1721  103.1251  103.9293  104.1876 
 104.5645  103.9397  104.9941  103.7858  105.5455  105.1962  106.6817  103.4422  104.2812  105.0256  104.5627  105.8544  105.5232  102.9287  104.1218  104.2865  104.7881  104.6221 
 105.3259  101.0088  102.9534  103.0335  100.9448  102.9106  98.1765  102.5529  101.9576  103.6458  103.8239  103.2879  100.2215  102.5237  103.1593  102.7328  103.3055  103.4216 
 103.3959  101.7757  102.7012  102.9431  102.6206  102.9579  100.8151  101.3166  103.0747  102.9232  103.0368  103.5967  100.1187  100.9399  101.604  102.6673  103.4557  103.6036 
 98.5516  102.1377  104.5091  103.8652  104.686  104.1001  100.7792  101.0437  103.0105  102.0299  103.6667  103.4312  100.4006  101.5852  102.6741  102.7976  103.3003  104.0475 
 99.2213  98.5487  101.8971  102.6982  103.0123  104.4925  103.5005  100.1804  102.3663  103.2235  102.9784  103.7747  99.8324  100.1469  101.9457  102.853  103.7486  104.0478 
 98.7697  101.6985  101.962  101.2484  104.5303  103.6681  99.6932  102.1712  102.1468  103.0261  103.0805  104.458  100.4255  100.8447  101.5896  102.5333  103.1559  103.2851 
 109.6661  101.7827  102.8129  103.1598  101.9236  103.3905  100.8106  102.6548  102.2406  104.3883  104.3423  104.0107  101.6948  102.9884  103.3823  103.1054  103.8844  104.1002 
 100.8768  103.553  102.4133  103.793  102.6561  103.295  98.2782  103.1641  103.2633  103.148  103.4318  103.5159  97.6401  102.6658  102.3127  102.8459  103.6639  103.6323 
 97.1526  104.078  103.9561  104.8661  104.8583  104.7002  99.5817  103.5721  104.1579  103.0699  104.162  104.3723  100.9496  103.9958  103.5483  104.1491  104.1797  104.7875 
 101.7859  102.0505  104.7638  104.2384  104.8259  105.4576  106.2468  103.7854  104.7685  105.1945  104.5351  104.7303  101.9854  104.1927  104.6187  104.9839  105.0418  104.9984 
