 105.0053  103.2916  104.3637  103.1702  103.9148  104.4463  103.2371  102.2067  104.4272  103.4773  104.7421  104.6884  102.7614  102.2446  104.0848  103.5806  104.1187  104.6169 
 105.1839  105.3607  104.1339  103.8711  104.9365  105.4264  105.395  104.7305  103.9837  104.65  104.2583  104.0277  103.8815  103.2548  104.5208  104.373  104.9406  104.6328 
 99.0926  100.3734  103.0595  102.9857  103.4028  103.8066  100.1886  100.8618  103.3359  103.22  104.1694  103.8849  100.4438  102.0883  102.7532  103.1631  103.9439  103.8209 
 103.893  103.821  104.3466  104.5703  103.8335  104.882  105.0881  104.9174  103.7435  104.3623  104.0377  104.2648  104.7908  102.7312  102.7486  103.6681  104.6285  104.7884 
 100.2748  102.1142  103.0131  102.9426  103.6648  104.3231  102.2473  102.9502  104.6398  103.6584  103.6055  103.5037  100.6519  102.1493  102.7293  103.5661  104.3123  104.0061 
 102.0517  105.1888  104.4563  103.2335  104.2708  104.6016  101.5226  102.6641  103.8139  103.076  105.2397  105.2461  101.7953  103.5588  103.8564  103.7408  104.3562  104.8794 
 105.6968  103.8187  101.9665  102.5359  104.1631  104.9625  105.259  103.55  102.1737  103.2615  103.4171  103.456  103.1894  102.4686  102.705  102.8731  103.8799  104.2101 
 103.2323  102.6837  104.6147  104.6741  103.9437  104.7399  103.264  103.0414  104.6049  104.5639  105.0111  104.6844  104.0944  103.423  104.1728  104.5577  105.0787  104.7123 
 104.3063  101.7492  102.7094  102.7439  103.3383  104.1284  105.4836  102.5897  102.664  103.5964  103.1122  103.7821  104.9553  101.0405  101.7482  102.6469  103.6251  103.9148 
 100.2009  103.3507  104.9553  103.7196  104.1267  104.255  103.1859  104.4172  105.0957  104.3265  103.9744  104.1198  100.6586  103.4582  103.5775  104.2164  104.6111  104.337 
 103.1955  104.8678  104.7074  103.111  104.2656  104.5512  105.4528  102.5905  104.9468  103.3448  104.9079  104.8667  105.5699  102.8656  104.411  103.8583  104.5831  105.0041 
 106.2585  102.5869  101.6986  102.6625  103.9762  104.7177  102.9662  102.1273  101.7893  102.7085  103.9864  103.474  102.0921  101.5231  102.5114  102.6014  103.692  103.9365 
 98.8903  100.3094  104.0911  103.7411  102.7155  104.6786  98.6179  101.3571  103.5017  103.8971  103.7346  104.3025  99.165  102.0003  103.2432  103.7804  104.2938  104.3208 
 102.8533  103.8496  103.6509  103.8609  104.8813  105.071  105.801  104.7016  104.6919  104.7382  104.3926  104.6697  103.6264  103.5245  103.3577  103.8771  104.6455  104.7239 
 98.2898  103.3852  104.2046  103.1185  104.1438  104.0444  98.5107  102.0991  103.5223  103.703  103.9536  103.8206  99.4216  101.9314  102.4588  103.4964  104.5579  104.2371 
 97.1203  102.6796  103.2336  101.9635  102.7774  103.866  101.5022  101.2704  103.6235  102.3557  103.7066  104.1718  99.7515  101.3748  102.9161  102.9613  103.5745  104.0827 
 105.0095  102.9765  102.3256  104.1862  104.7162  104.6839  100.0756  101.7266  102.5697  103.4049  104.2541  103.7813  97.4688  102.0669  103.3716  103.3446  104.0452  104.6097 
 100.1806  100.7052  103.5252  103.1383  102.5085  104.7445  99.5918  102.6165  103.7157  103.7816  103.4481  103.8373  100.003  101.9396  103.0842  103.1778  103.421  103.707 
 101.9491  103.3362  103.7954  103.9268  104.7058  104.9824  106.8004  103.6337  104.0859  104.3258  104.5296  104.901  103.63  103.0372  103.1684  103.9831  103.9697  104.8286 
 105.5211  105.4564  105.7355  103.7593  104.438  104.7853  104.1921  103.4443  105.3886  104.7848  104.7427  104.4554  106.7528  103.8954  104.0016  104.5706  105.0895  104.8898 
 105.7219  103.9794  104.5441  102.782  104.1656  104.9479  107.5191  102.9013  104.654  104.1801  104.5767  105.2186  104.7023  103.2323  104.1452  104.41  104.3246  104.9092 
 100.2634  102.4139  103.0038  103.0411  104.2752  103.9561  99.775  100.6041  103.6104  103.4811  104.4522  103.4755  96.8559  101.2395  103.7924  103.5131  103.8202  104.2672 
 105.1733  102.8088  103.9578  103.1209  103.923  105.488  96.6764  103.9298  103.7911  103.6554  103.8201  104.2295  102.6309  102.5726  103.3321  103.137  103.8659  104.551 
 100.5118  102.0258  103.2184  103.7337  104.2855  104.5264  103.6079  103.152  103.5675  104.0263  104.3248  104.9355  104.0877  103.2956  102.9554  103.815  103.7141  104.448 
 99.7356  105.5609  104.8542  105.4699  103.4654  104.3559  98.8292  103.7326  104.2695  104.0533  104.4238  103.8034  102.6468  104.0765  103.1467  104.0898  104.7131  104.5949 
 102.6843  102.902  103.105  102.3163  103.601  104.8532  99.1301  101.6798  103.3886  103.3462  103.714  105.0731  101.3011  102.4382  102.8935  103.3143  103.4332  104.3865 
 99.9442  104.8182  103.5061  102.5322  104.7209  104.4427  100.8245  102.5698  103.985  103.8502  104.4613  103.7097  96.2513  102.8442  103.9415  103.7527  104.071  104.5987 
 101.7769  101.8858  104.2221  103.5937  104.008  105.0486  93.4372  102.9366  104.2534  103.9343  103.9352  104.3461  98.7015  101.6122  103.6512  103.4308  104.0084  104.6178 
 99.7729  97.7607  100.9494  102.7759  103.4586  103.6983  99.6552  100.2344  101.4403  102.8991  103.4232  103.6571  101.0359  99.7003  100.8803  102.6737  102.6979  103.3468 
 96.6281  103.7332  104.136  104.3953  102.5534  103.265  96.5511  102.3361  103.7688  103.1871  103.6774  103.1628  101.5075  102.8321  102.2938  102.9935  103.8683  104.0418 
 101.9824  103.4602  103.6009  102.8137  103.9622  105.3666  99.3151  102.0601  104.0081  103.562  103.7215  105.0882  101.0474  102.5448  103.6733  103.5512  103.7637  104.3512 
 105.6291  101.9753  102.7908  101.5514  104.324  104.0533  106.5024  100.1869  103.5377  102.8334  104.4386  103.5732  101.9883  100.7285  103.1409  103.1391  103.6932  104.2375 
 106.7138  103.4755  104.4223  103.8924  104.5598  104.7193  98.0259  102.5895  104.2659  103.9705  103.3408  103.8329  102.2752  101.8757  103.7963  103.1435  103.8188  104.4512 
 99.5966  99.8276  101.5415  103.5286  103.4974  104.1829  98.4233  103.6096  102.9337  103.8261  104.2274  104.3275  101.3181  102.5017  102.8451  103.5948  103.2916  103.869 
 99.1168  103.4164  102.204  103.9549  103.3463  103.3551  98.1176  101.7263  103.391  103.0659  103.6457  103.3677  100.7693  102.1477  102.0231  103.1261  103.8658  104.1568 
 100.97  102.6972  102.4975  102.9798  103.6314  105.0539  100.6684  102.1985  103.1219  103.6576  103.5713  104.519  103.278  102.6923  102.6589  103.5713  103.8008  104.265 
 105.4622  104.0633  104.16  102.8868  104.5719  105.0028  104.2565  101.5749  104.9787  104.9297  105.0473  104.5624  101.7839  102.5664  104.4964  103.9286  104.2788  104.5634 
 103.813  102.1333  102.9597  102.5479  103.5023  103.8757  97.7111  101.864  102.2757  102.3968  102.5893  102.6932  99.0445  100.4154  102.1522  102.0851  102.7102  103.4823 
 100.0993  98.9343  101.8484  102.6486  102.8799  103.3355  98.9596  102.4049  103.5711  102.4074  103.9245  104.1697  103.4098  101.7415  103.1384  102.8573  102.6754  103.4415 
 101.7858  104.9939  102.2927  104.3479  103.5299  104.0513  100.2935  102.8653  103.5896  103.5766  103.0435  103.8092  102.3907  102.9793  102.7946  103.3916  103.8727  104.3792 
 102.559  103.7552  104.6023  104.4187  104.2701  105.0582  100.2301  103.5487  105.0953  104.9781  104.7704  105.041  103.683  103.9852  103.8085  104.3243  104.6139  104.6188 
 104.455  104.8751  104.1112  102.2248  104.6118  105.034  104.9364  102.5192  104.9695  105.0238  105.2138  103.9573  101.2927  103.3433  104.8091  104.5027  104.5077  104.9256 
 104.6425  104.868  105.3293  105.1076  105.4623  105.2307  100.662  104.1635  104.7819  104.6951  104.2976  105.064  101.8642  103.582  104.6149  104.2186  104.5388  104.8875 
 103.7632  100.8368  102.2717  104.0004  103.819  104.4614  101.5185  103.4334  104.1047  103.6498  105.0791  105.1642  106.3433  102.4493  103.2675  104.3365  104.0842  104.3987 
 102.6471  103.421  101.7582  103.3503  103.4915  104.1208  100.0011  102.8188  102.3167  103.1242  103.0966  103.9679  101.9659  102.5602  102.5852  102.9885  103.3273  104.0383 
 103.0358  103.5914  104.2588  105.111  104.1502  104.7537  102.1301  103.6659  105.39  105.0109  104.4597  105.0198  105.4833  103.6186  103.8553  104.3394  104.7482  104.6657 
 99.8983  102.4097  102.661  100.0911  103.6327  103.6651  101.1474  99.528  103.2752  103.4392  103.6884  102.8081  98.2493  100.934  102.4773  102.6773  103.092  103.7093 
 104.3373  103.9999  104.1399  104.2184  104.2799  104.7807  99.1502  102.551  103.4925  103.5058  103.7126  104.0099  99.1546  102.1192  103.3997  103.2923  103.6501  104.1807 
 101.6929  100.6711  102.9007  104.2426  104.1136  104.5651  98.3874  103.0721  104.1262  104.2113  104.9012  105.1274  102.8075  101.8165  104.2391  104.3208  104.0677  104.4492 
 100.7359  101.7006  101.8267  102.6958  103.3955  104.3936  97.8493  101.7108  102.7394  102.5331  103.0197  104.1919  100.6156  102.1695  102.4082  102.8298  103.223  104.0634 
 98.9528  100.931  101.909  103.7279  103.1292  103.5411  98.3531  101.4427  103.3025  103.3991  103.1861  103.8782  101.4649  100.8273  101.9955  103.0184  103.6583  103.5962 
 104.1563  106.2055  104.3328  102.3902  104.8527  104.7656  103.9774  103.426  104.9703  105.3636  105.2051  104.4619  104.7984  104.5108  104.3145  104.5176  104.5657  105.1864 
 105.5588  102.7021  103.191  103.4018  104.0931  104.6389  103.5225  101.2671  102.7209  102.9584  103.9016  103.3897  99.9447  101.3177  102.1398  102.7442  103.3083  103.7196 
 96.6251  99.7618  101.5679  102.86  102.2808  103.8695  93.9017  101.6871  102.5063  102.6256  103.0902  104.196  97.966  100.4758  102.6389  102.7614  102.8459  103.6695 
 103.9311  102.7003  102.7982  103.5258  104.6018  104.9875  100.105  103.4629  103.5471  103.3821  104.1193  104.94  103.8097  103.8024  103.2881  103.8498  103.9736  104.797 
 103.8536  102.3816  101.6975  103.7402  103.7736  103.4934  101.5934  101.352  103.1858  103.8336  103.1746  104.1213  104.6055  101.0554  102.3732  103.0096  103.8094  103.7463 
 97.6797  101.9228  102.6938  101.1206  102.6958  103.6278  98.6036  100.859  103.2587  103.3167  103.7597  103.2726  100.3963  101.2682  102.754  102.8041  103.1696  104.0876 
 110.9779  102.7171  104.1982  103.5019  105.135  104.7977  109.4347  101.1734  104.1582  103.4292  104.543  103.7455  103.6791  101.317  103.1075  103.1979  103.7669  104.3003 
 97.3497  98.5421  102.1247  102.3146  102.1003  104.0761  91.2945  100.6705  102.3623  103.1961  102.7973  104.1564  98.2789  99.8708  102.8977  102.6498  103.0251  103.7812 
 100.1436  102.4975  102.1842  104.1274  104.2473  104.9125  99.6101  103.5528  103.5359  102.5702  104.0713  104.8161  101.0197  103.0184  102.6065  103.6133  103.6495  104.247 
 102.0124  101.5694  100.8941  103.3166  102.9179  102.957  97.9574  99.4324  102.4325  103.3898  102.9834  103.6302  102.1845  99.7667  101.7481  102.2682  103.2125  103.23 
 96.566  101.0924  102.4473  101.1502  103.0698  104.348  97.2412  100.2113  102.9703  103.0534  103.7332  103.2162  98.1495  100.9036  102.598  103.0216  103.5698  104.1985 
 110.2282  103.8273  105.2974  104.4625  105.9167  104.8251  110.1398  103.0082  105.0703  105.2429  105.2993  104.9944  104.9836  103.372  104.2579  104.7038  104.6684  105.2231 
 104.7192  103.7507  104.7386  103.8151  104.0865  105.4878  96.6513  104.8711  104.8245  104.5626  104.2484  105.1703  103.5803  103.1746  104.9231  104.1434  104.2629  104.8757 
 96.5885  99.8322  100.9705  103.2889  103.3192  104.1599  99.6728  101.1117  102.3488  102.2799  103.0814  103.8006  100.5342  101.0443  101.6703  103.0485  102.7414  103.3835 
 104.6566  104.5635  102.7583  104.7989  103.2365  103.7838  101.8268  103.0789  103.6401  104.3421  103.9648  104.8499  106.0371  103.7081  103.3178  103.7084  104.2548  104.3853 
 104.0387  103.9839  103.9152  103.1997  104.529  105.6875  101.0987  102.679  104.86  104.8806  104.8205  104.1759  103.1854  103.1175  104.3142  104.3449  104.3299  105.1141 
 103.0208  103.4574  103.808  102.533  104.527  103.7798  104.0254  102.1258  104.026  104.0592  104.2982  103.7877  99.2457  102.2039  102.8666  103.7048  103.6349  104.1447 
 105.2823  102.5995  104.2215  103.8991  104.2587  105.4114  96.8028  104.4102  104.2842  104.2587  104.1325  105.3457  102.9828  102.4989  104.3313  103.6524  104.3324  104.9938 
 101.5504  100.4913  101.6421  104.1432  104.3936  105.1002  103.0057  102.5356  102.9264  103.0327  104.1964  104.8394  103.6089  102.205  102.6037  104.1909  103.7242  104.2791 
 97.672  102.5286  101.5975  103.826  101.984  102.5591  98.3959  101.0867  102.5043  103.4473  102.9251  103.2547  102.5011  101.3539  101.701  102.2354  103.0451  103.2097 
 103.3226  102.4789  102.5965  102.4092  103.4494  104.7707  98.3756  101.5173  103.4045  103.3847  103.5433  103.7643  100.907  101.9768  102.8557  103.4898  103.4776  104.2067 
 105.5584  104.7295  105.0541  103.6419  105.8323  105.3903  106.3782  103.3916  105.044  105.2555  105.6014  104.7738  101.3796  103.8459  104.3247  104.7352  104.7478  105.3888 
 103.1907  101.7619  102.3755  102.7819  103.3206  104.0013  96.9991  102.2423  102.917  102.8382  102.4142  103.8209  100.8093  100.972  102.3868  102.0477  102.7109  103.5395 
 98.8052  100.7403  101.3705  103.7978  103.4567  104.2644  97.8055  103.8472  102.4022  102.9826  103.9356  104.5903  101.3787  103.4331  102.4111  103.7193  103.4668  104.0293 
 100.7256  104.3597  102.9505  104.3976  103.4969  103.7299  100.1935  102.9542  104.156  103.9215  104.0463  104.2248  103.9049  102.2144  103.3179  103.4801  104.2174  104.2261 
 105.6879  103.4524  103.4335  102.8471  104.3749  105.1929  104.4249  102.2466  103.7297  104.0381  103.9261  104.6003  105.5214  102.2653  103.3002  103.9461  104.006  104.5541 
 103.1309  102.2943  102.33  101.6945  104.9878  104.0459  102.7973  100.8778  103.2899  103.6459  104.2275  102.976  99.7529  102.7891  102.325  102.7737  103.142  104.0976 
 103.4462  102.8468  103.8647  103.7671  104.3047  104.6019  97.3364  103.0956  103.8163  103.2551  103.2814  104.438  98.5402  102.4141  103.3076  102.8794  103.5959  104.1594 
 96.1333  99.6418  102.0708  103.6148  104.2569  103.6621  94.0104  103.0983  103.3295  103.2215  104.2107  104.5765  98.9602  103.5643  102.9214  103.7361  103.2573  103.8748 
 103.621  105.315  102.5529  104.5404  104.3136  104.4045  105.0785  103.3789  103.1795  103.8547  103.4808  104.1225  104.7542  102.5607  103.4687  103.6465  104.2156  104.3254 
 103.9237  101.9161  102.8084  103.277  103.2914  104.8087  103.2228  101.222  103.5728  104.0345  103.8197  104.3901  106.352  101.4456  102.5047  103.479  103.8362  104.2547 
 105.1866  103.1844  103.7134  101.9621  104.8842  104.6107  104.4395  101.7899  104.4502  104.0043  104.7189  103.6261  101.3561  103.4614  103.5214  103.5733  103.702  104.4836 
 106.0058  103.029  104.351  104.5805  105.4837  104.932  101.0311  103.2008  104.041  104.1282  103.8737  104.798  101.6118  102.5893  104.0041  103.5471  103.9667  104.7102 
 99.6335  101.0271  102.5084  104.0794  105.4071  104.5024  98.6604  103.8796  104.3554  103.9382  105.0779  105.4443  104.2336  104.779  103.6578  104.6071  104.1827  104.6573 
 103.4048  104.2564  102.2458  103.7362  103.5204  104.7886  103.2392  102.7441  102.8904  103.078  103.2079  104.3444  102.6592  101.9118  103.2746  103.036  103.6502  104.2189 
 100.5881  104.0423  104.22  105.0862  103.8171  104.5339  98.8992  104.1215  105.3173  104.8788  104.5766  104.8472  102.3797  103.3108  103.8502  104.4057  104.6201  104.5236 
 101.4676  102.9987  103.7801  101.0351  105.0466  104.5186  102.5319  101.8832  104.2659  103.7598  104.5779  103.3855  99.5745  103.7886  103.2331  103.4734  104.012  104.8301 
 101.0257  104.7022  103.8295  104.4097  105.2376  104.9229  97.3991  102.8453  103.4537  103.6311  103.7222  104.5318  96.3483  102.57  103.6979  103.4357  103.68  104.3749 
 98.7488  98.563  100.8038  102.1158  104.1347  103.3692  95.6708  101.4883  101.8989  102.0021  103.3916  103.8875  101.0736  102.2521  101.8471  102.2477  102.6027  103.3254 
 101.4195  101.6575  102.1717  103.4049  102.7479  104.7071  100.4959  101.5646  103.185  103.0998  103.3063  104.233  101.5421  101.1228  102.7316  102.9531  103.3621  103.9681 
 101.5384  104.1852  104.0044  104.8344  103.9778  104.3736  100.8858  104.415  105.0351  104.4984  104.1974  105.0447  103.8884  103.4597  103.7664  104.4173  104.625  104.6656 
 104.8744  105.2463  104.2859  102.2699  105.8909  104.8431  105.1574  103.2292  104.8711  105.006  105.3376  104.1429  104.5441  104.7378  104.1982  104.2345  104.5592  105.0696 
 107.1999  104.7953  105.5474  105.662  106.154  106.003  105.1008  103.8591  105.1109  104.3674  105.0504  104.8534  101.8583  104.0585  104.4993  104.6259  104.7279  105.2847 
 102.3004  99.9254  101.4496  103.1627  104.3431  103.7172  99.0686  102.1542  102.2447  102.9086  103.4809  104.0993  103.3963  102.7965  102.5015  103.0417  102.8841  103.7716 
 99.6244  102.1092  102.0192  102.6992  102.9254  104.6011  98.7058  102.283  102.8831  102.7709  103.2437  104.429  101.1579  101.9413  102.5878  102.8614  103.3616  103.7679 
 102.9635  103.261  103.3827  104.3993  103.9908  104.2389  101.8553  102.5949  104.6607  104.2126  104.1329  104.5936  103.6849  101.9374  103.6765  103.8028  104.5156  104.6003 
 100.8162  103.2408  103.4856  102.13  105.02  104.1226  99.8158  102.0929  103.7809  104.2529  104.444  103.7968  102.6483  102.9413  103.8217  103.8253  104.0068  104.6082 
 103.8177  102.1459  102.7082  103.0061  104.5953  104.1853  102.4308  101.4867  102.4672  102.1156  103.9155  103.2358  97.1529  101.6952  101.6364  102.3168  102.9272  103.5565 
 99.2386  100.2531  103.2551  103.4394  104.3875  104.4112  94.6852  101.8467  104.5308  104.1484  103.5022  104.4623  99.8484  102.8477  104.0338  103.5903  103.4621  104.2571 
 100.5348  99.929  101.2125  103.1648  102.472  104.4757  100.3291  101.3458  100.9655  102.0088  103.1897  104.1224  102.0598  100.8221  101.4801  102.6317  102.8575  103.5715 
 101.1095  103.7299  101.3421  103.9705  103.8713  103.086  99.1438  101.7523  103.5869  103.942  103.2083  103.8694  102.0663  100.957  102.0972  103.1897  103.5554  103.5075 
 97.2605  102.9988  103.203  101.6945  104.3674  104.3187  99.0531  101.6596  103.1524  103.4405  103.8235  103.4612  98.8056  102.7579  103.4702  103.5117  103.6458  104.3842 
 108.4321  103.1351  104.1869  103.6783  105.534  104.285  106.2341  103.0237  104.1019  103.5536  104.4356  103.9397  101.4687  103.7127  103.3026  103.695  103.8679  104.4962 
 102.3168  101.8514  103.4885  103.0629  104.4419  104.8719  95.8133  103.5916  104.522  103.8003  104.5072  104.6469  102.5745  103.1855  103.7592  103.2185  103.4408  104.2796 
 103.6065  103.1296  102.9118  104.7848  103.9254  105.5583  107.4428  104.1445  103.1091  103.7357  105.1861  105.061  106.5497  104.2616  103.2431  104.1819  104.1356  104.5712 
 101.0061  104.418  102.4591  104.3293  103.9817  103.7823  97.7913  102.6734  104.2013  103.8606  104.1889  104.6392  101.9505  102.0797  103.4295  103.4778  104.0932  104.2365 
 100.2265  101.2373  102.7761  101.9476  103.9149  104.2513  99.1037  100.0626  102.876  103.2355  104.2389  103.0425  99.7586  101.0964  102.7134  103.1679  103.3145  104.1449 
 100.5152  101.83  103.6419  102.1887  104.8606  103.3673  100.8219  101.1985  103.5307  103.2628  103.4896  103.3857  96.2574  102.0645  102.8982  103.0652  103.1773  103.8079 
 104.2179  101.3315  103.1118  103.218  104.2765  104.8148  96.7874  102.6687  103.5353  103.3741  104.147  104.5803  100.2026  102.2834  103.0631  102.6331  103.2683  104.1422 
 100.2526  100.1387  101.2431  103.8693  103.1756  104.7696  102.7486  102.5764  101.9836  102.9289  104.8258  104.6923  103.3431  102.8488  102.0262  103.8616  103.4482  104.2091 
 102.6884  107.0959  104.1616  106.1468  105.5001  104.6799  104.712  104.7443  105.533  105.3844  105.2037  105.3345  107.3314  103.8778  104.513  104.6821  105.0875  105.0721 
 102.3978  102.3736  103.1775  102.5012  103.6151  104.9759  97.8501  101.7313  103.4251  103.6798  104.2241  103.7024  98.3885  102.6462  103.6175  103.5991  103.6064  104.5711 
 103.54  103.0752  103.1405  101.8731  105.3854  103.9177  102.3446  101.6198  103.325  103.2291  104.4231  103.434  99.7414  102.7317  102.4544  103.2152  103.3484  104.0529 
 103.2382  102.1875  103.4494  103.527  104.2422  104.8345  96.8973  102.6871  104.0856  103.5663  103.9891  104.7463  99.278  102.5511  103.5683  103.5198  103.638  104.4022 
 103.7015  101.5525  102.1017  103.8111  104.099  104.8077  103.2607  104.9236  102.533  103.4265  104.9376  104.9821  105.52  104.5845  102.5099  103.9898  103.8309  104.4493 
 97.0259  105.2942  102.7514  105.1959  104.4635  103.6291  98.4492  103.805  104.0315  103.9981  104.8483  104.3892  101.9737  103.2251  103.3709  104.2249  103.9705  104.2359 
 103.9532  102.7154  101.628  101.8713  102.7837  104.6725  102.1707  101.1112  102.0251  102.6331  103.7151  103.6344  101.3538  101.5127  101.7075  102.8151  103.2245  103.8851 
 104.6546  102.2584  103.6278  102.3885  106.1636  103.7686  105.6781  101.5427  104.2972  104.3066  104.9579  103.3994  103.0659  103.1971  103.6163  103.4  103.952  104.6111 
 105.7042  102.4159  103.5286  103.5684  103.8418  103.4368  98.7243  101.8966  103.53  102.9484  103.538  104.446  100.0125  101.4999  103.0784  103.0863  103.0473  103.8212 
 98.6785  98.2503  101.736  103.2011  103.6801  102.5237  99.1496  101.9094  102.522  103.0242  104.2229  104.5119  102.5132  102.4668  102.348  103.6995  103.8526  103.9286 
 95.5731  102.4033  101.2679  101.3683  103.3905  103.4703  99.3057  101.4056  101.9161  102.3247  104.087  103.3135  99.6266  99.7187  102.0839  102.5242  103.3209  103.4422 
 100.7023  103.4304  102.0426  102.5992  102.831  104.1354  100.1343  101.482  103.1191  103.0637  103.4173  103.916  101.7257  102.3822  101.7728  102.8791  103.1771  103.9974 
 98.3254  103.522  104.3778  105.0155  105.6841  104.3246  102.7423  103.3304  104.5773  104.3357  105.0095  103.9088  101.4634  104.4444  104.1795  103.8181  104.0792  104.7902 
 100.278  102.9571  103.4655  103.725  104.6001  104.0642  98.3838  102.3855  103.8869  103.4619  103.9859  104.1864  98.3281  102.2895  103.4421  103.7425  103.7261  104.1501 
 105.0392  100.3204  102.0174  102.7175  104.6624  102.3554  99.2578  102.8838  102.6746  103.2495  104.565  104.8977  102.6926  103.8325  102.68  103.6965  103.7027  104.0651 
 96.5984  103.4574  101.9649  101.562  103.957  103.7303  101.1841  102.9741  103.0073  103.4767  104.6271  104.2212  100.813  101.142  103.1448  103.9031  104.1291  104.3212 
 100.2953  101.893  101.9111  101.6133  101.928  104.1756  97.4541  100.8432  102.1873  102.7052  103.2487  103.7988  100.3651  101.3049  101.3046  102.0513  102.6441  103.3242 
 96.9649  101.8104  103.1853  103.6253  105.1239  103.5928  101.7698  101.626  104.22  103.5396  104.5804  103.1542  100.37  102.6454  102.9552  103.1789  103.9217  104.5751 
 100.5316  102.5504  102.8206  103.6103  104.4848  103.7329  100.1798  101.0819  102.5839  102.7298  103.3309  103.7602  98.7407  100.813  102.4482  103.2493  103.0239  103.6976 
 101.4918  99.1847  100.9599  102.8157  104.8581  102.8003  96.4565  101.2894  101.7823  102.9703  104.6155  104.6438  99.737  102.4862  102.2079  103.0927  103.6571  104.1165 
 97.8261  103.0954  102.942  102.234  103.5126  103.7409  100.172  103.9487  103.3533  103.8362  104.8182  104.5952  101.223  102.3841  103.5193  104.2734  104.348  104.2635 
 99.9172  101.9058  102.8006  102.5378  102.9154  104.1372  96.0946  100.9539  103.6486  103.3755  103.5071  103.9004  99.5355  101.215  102.5141  103.0822  103.1648  103.6286 
 95.5097  103.3345  103.5866  103.0367  105.3152  103.6686  101.7718  101.8836  104.4152  104.0304  104.7732  104.2396  100.175  103.0558  103.5188  103.3245  104.1311  104.6117 
 98.5226  103.158  103.7542  104.12  104.8019  104.1997  101.2596  103.0583  103.8668  103.0123  104.4318  103.4151  98.3566  102.4685  102.89  103.8939  103.4742  104.0162 
 103.413  100.9675  102.3556  103.5396  105.03  102.8956  98.0893  102.3271  102.6331  103.3693  104.2347  104.6181  101.3833  103.3684  103.3542  103.2614  103.4502  104.2311 
 101.794  101.0682  101.4233  101.4461  102.7978  103.162  100.5194  101.7808  102.2604  102.723  104.0343  103.7394  101.9623  101.1048  102.2855  103.5154  104.0288  103.3491 
 98.9961  104.4811  104.0125  103.2487  104.3352  104.8486  99.6733  104.0047  105.1242  104.67  104.6941  104.2033  102.2891  103.6315  104.0619  104.2133  104.2634  104.257 
 97.3567  103.4161  103.4713  103.1808  104.6393  103.817  96.8193  101.7358  103.7283  103.9459  104.8819  104.5267  100.1978  102.8116  103.6109  103.2433  103.9527  104.1104 
 98.0527  103.4045  104.326  104.7859  105.836  104.5695  101.6336  102.7591  104.5084  103.6218  105.0208  104.0952  100.0562  102.6553  103.3371  104.4009  104.0284  104.6298 
 105.2769  99.5368  102.658  103.9383  104.781  103.2579  103.8587  102.3834  103.272  103.7647  104.3414  104.7168  100.7228  102.5944  103.2968  103.3843  103.8563  104.4813 
 98.0901  102.809  102.0283  101.9188  103.2019  103.4373  99.1175  103.4035  102.5071  104.5247  104.4732  103.9561  99.1057  103.6043  102.8081  104.3371  104.1994  103.4554 
 99.8676  106.8409  104.9261  103.7263  105.6373  105.5475  103.42  105.1825  106.7492  105.3882  105.6946  105.0035  103.9161  104.2527  105.493  105.0875  105.1124  105.2329 
 100.5707  103.1596  103.3925  103.672  104.8777  104.3463  102.4497  101.9322  103.4097  103.6634  104.5983  104.6372  102.1258  102.7937  103.5739  103.6124  104.0175  103.9867 
 101.8979  103.5422  104.727  105.6401  105.8756  104.1265  103.7529  102.9891  104.7394  104.5425  105.1438  104.2213  102.8328  103.6061  103.6748  104.4489  104.2097  104.9171 
 105.917  99.6892  102.249  103.6738  104.2973  103.7084  105.035  102.3644  103.4942  103.2624  104.304  104.4605  103.1646  102.0127  102.9736  103.2513  103.7281  104.4378 
 104.5549  102.2238  102.5188  102.0405  103.7334  103.7649  104.8879  102.8302  102.4854  104.5231  104.9147  104.5111  104.1173  103.1406  102.7998  104.5112  104.5524  103.937 
 95.7449  104.0381  101.7551  100.6717  102.9316  102.9875  99.4429  102.3034  103.3264  102.3045  102.985  102.3591  98.7386  101.3705  102.4674  102.0628  102.437  102.5235 
 99.7347  103.8275  103.8014  103.7063  104.7392  104.2457  103.0156  102.3566  104.1201  104.6297  104.905  104.9019  101.2434  103.6157  103.9858  104.3388  104.2917  104.1964 
 101.6622  101.8516  104.0041  105.0024  105.5169  103.8715  101.0114  101.9133  103.7545  103.6867  104.5842  104.0012  101.534  102.1996  102.9719  103.8667  103.6205  104.638 
 98.9392  101.8592  104.0114  104.553  105.1926  104.3406  100.9794  103.5945  104.9348  104.2136  104.829  104.5836  100.236  102.6944  104.0772  103.9553  104.4548  104.8065 
 104.3753  100.1643  100.9589  101.5654  102.406  102.1974  103.5129  101.4907  101.0692  103.1843  103.9492  103.9668  100.6816  102.3789  101.5202  103.1987  103.1395  103.0634 
 99.6079  104.0647  102.1698  101.0251  104.2027  104.1504  102.6838  102.005  103.7691  103.1225  103.9196  103.2402  103.8303  101.3226  102.787  103.023  103.5155  103.4026 
 100.3502  103.2314  103.3341  104.075  103.9219  104.3183  104.3053  102.8069  103.4843  104.2879  104.3622  104.4812  101.8226  103.3156  103.2293  104.1297  103.9249  103.856 
 98.7065  104.9101  104.878  105.771  106.4131  104.5836  99.6218  104.0195  105.3103  104.7842  105.5725  104.6242  100.3177  104.4143  104.7118  104.6214  104.4035  105.2369 
 99.9383  101.2659  103.5151  102.8186  104.0676  103.4652  100.9297  102.4737  104.2122  103.4244  103.8644  104.0061  99.2457  102.178  103.0477  103.2304  103.6942  104.2476 
 103.5829  101.6583  102.8707  103.0797  104.0544  103.2059  101.0583  103.1912  102.735  104.3579  104.9524  105.1698  100.2473  104.4489  103.6089  104.441  104.2812  104.1735 
 97.1871  103.8373  104.4445  102.5615  104.86  104.591  101.7737  102.9523  104.2296  104.2876  104.9263  103.8001  102.1223  101.4478  103.8963  104.2372  104.2562  104.0156 
 98.7758  103.4186  102.1443  103.7697  103.4906  104.8979  101.5352  102.2263  103.3494  104.3927  104.2663  104.5909  98.3049  102.334  102.4335  104.0648  103.9751  104.1003 
 96.5095  102.4985  103.4907  105.2522  106.0757  103.9868  97.747  102.021  104.1014  103.722  105.1556  104.1385  100.1283  103.0884  103.5546  103.5662  103.8021  104.5113 
 104.021  104.6475  102.7608  103.7487  105.1905  104.1533  105.5729  104.3002  104.4568  104.4249  104.2474  104.3413  101.4527  103.9754  103.986  104.3762  104.2088  104.6226 
 104.2287  99.531  102.8758  102.5613  104.2672  102.8623  101.1613  102.5122  103.4097  104.009  104.9113  104.9976  102.0593  103.5683  103.5754  104.2008  104.3114  104.396 
 97.1194  104.2114  103.4668  102.4326  104.0539  104.4421  102.8918  103.1771  103.3974  104.0986  105.1544  103.8165  101.7812  101.7495  103.4081  103.8823  104.222  103.7316 
 104.1152  103.3515  103.9347  103.7953  104.0387  105.1176  106.5962  102.2384  104.7003  104.7971  104.5372  104.7681  103.7977  102.5904  103.7837  104.2195  104.3247  104.3876 
 98.9323  103.2468  102.1611  104.4318  105.2545  103.8825  99.8689  102.5516  103.1068  102.9225  104.3768  103.9971  102.3541  103.3543  102.5662  103.0983  103.4899  104.1475 
 102.5556  104.328  103.2074  104.4702  105.3099  104.6131  103.7495  103.9957  105.221  104.9774  104.8299  104.873  100.8593  103.6712  104.4359  104.671  104.4236  105.0847 
 106.0676  102.4061  102.5052  102.8266  104.745  102.5286  103.0558  102.36  102.171  103.4275  104.6517  104.7675  102.51  103.6357  103.2219  103.8382  104.0551  104.3702 
 98.6753  100.3916  103.3977  101.4026  103.9307  104.0219  105.397  103.355  102.3892  103.9867  104.756  103.7193  103.2472  101.5299  103.2508  103.8808  104.2088  103.4917 
 103.8708  103.2457  102.8877  102.9859  102.9675  104.8041  103.752  101.4457  104.1361  104.0128  104.1472  104.1248  103.228  101.9859  103.0184  103.3224  103.5193  103.9244 
 94.3956  102.2061  102.0265  103.8343  105.1199  103.3838  98.1861  101.4808  103.6939  102.9687  104.3051  103.9871  99.0555  102.6126  102.3647  102.8714  103.5003  103.8563 
 102.6772  103.6044  103.1739  104.8818  105.1834  104.5909  102.6493  103.3028  104.0926  104.6916  104.5157  104.424  100.7965  103.083  103.8066  104.5562  104.2164  104.6776 
 107.4988  104.3829  103.8153  103.8486  105.7499  103.5982  106.0714  104.1496  103.7353  104.076  105.607  105.2819  104.8736  105.2308  104.8673  104.6953  104.7894  105.2405 
 96.8889  101.1661  103.8693  102.4484  104.3951  104.2672  103.1144  104.4364  103.0369  104.6783  105.0176  104.3686  101.4273  102.7569  104.0084  104.4869  104.7729  103.9928 
 103.8065  104.2235  103.4094  102.9006  103.3323  104.8713  102.2824  102.5362  104.1707  104.3566  104.5938  104.3732  102.4732  102.5565  103.5908  103.8323  103.7615  103.9931 
 100.9652  103.4446  103.7961  103.8091  105.6102  103.8295  105.5253  102.153  104.9775  103.7744  105.0152  104.7307  105.3864  103.3841  103.2002  103.6172  104.333  104.4831 
 100.0857  103.0142  102.3033  104.5891  105.5188  104.9008  99.9547  103.051  103.9241  104.3185  104.7875  103.9364  101.6743  102.4667  103.7332  104.3435  103.9207  104.5497 
 102.2332  103.673  103.1478  104.5312  103.8586  103.4387  103.0828  103.3261  102.93  103.9048  104.559  104.9867  101.8328  104.2071  103.6511  104.1774  104.0547  104.821 
 102.0401  99.1746  103.3227  102.1149  102.9028  103.2144  104.9537  102.3411  102.3699  104.2139  104.2947  103.9671  102.2661  101.8174  103.5364  104.2439  104.1571  103.4631 
 102.1991  104.4439  103.5623  103.4181  105.0303  105.2841  102.2733  103.1774  104.1025  104.4985  104.854  104.2939  101.6947  102.9477  103.5478  104.1032  104.2533  104.4362 
 100.3616  102.4082  102.5846  102.9132  104.1244  104.0162  103.2666  101.2429  103.6109  103.6038  105.018  104.7448  104.2917  102.2618  102.6209  103.2673  104.0635  104.298 
 100.7201  103.8471  102.8335  104.6875  104.0554  104.5294  103.6294  103.122  104.6926  104.2825  105.0443  104.2154  103.4909  102.8352  104.0145  104.3951  104.1073  104.6649 
 101.405  101.1111  100.6565  103.026  101.7179  102.4692  100.8067  100.816  101.2567  102.2748  103.3909  103.8526  100.146  101.3502  101.4175  102.3251  102.9601  103.7173 
 98.3478  96.8472  101.6503  100.3301  102.2421  102.2666  99.5439  99.9869  100.4808  102.7391  103.2942  103.0099  98.0662  99.7931  101.7952  102.8982  103.0678  102.3919 
 101.3701  104.8534  104.3699  103.7569  105.5388  105.1707  102.1282  104.172  105.1484  104.8584  105.1551  104.6358  101.8653  103.5899  104.5214  104.5279  104.7269  104.7608 
 98.3175  104.5526  104.0276  104.2218  104.618  105.1936  102.9363  102.9755  104.8205  104.6931  105.7306  105.2798  102.4253  102.5482  103.837  104.3518  104.7108  104.7334 
 99.8183  101.1564  102.0736  103.6306  102.9374  103.1778  101.4116  100.7864  102.9696  102.9136  103.8298  103.0169  100.7351  101.3378  102.7279  103.0053  102.9303  103.7879 
 101.2496  102.9477  100.9493  103.0497  101.758  103.0269  100.148  102.6102  102.4504  102.8144  103.7022  104.2269  101.3706  102.0907  102.2281  102.884  103.3161  103.8344 
 101.6244  99.6793  102.3462  102.0167  103.803  103.3231  101.841  102.1289  101.8034  104.4416  104.2948  104.0118  100.7576  102.6825  102.9847  104.3011  103.9814  103.4334 
 99.6895  102.6492  104.5994  102.377  104.5709  104.6337  103.4639  102.8732  104.4296  103.7494  104.5994  103.8181  101.119  103.3214  103.8695  103.9244  104.159  104.2388 
 98.921  104.2183  102.5025  103.6047  104.8369  104.6667  102.1413  101.2794  103.7436  104.2716  105.3916  105.2814  100.7596  102.0744  103.0956  103.905  104.2689  104.2529 
 102.6608  102.5056  104.3853  105.2542  103.0791  103.824  102.0188  102.4677  104.1198  104.1457  104.7619  104.0084  103.8342  103.0309  103.8812  104.1696  103.9734  104.6618 
 97.038  102.5029  100.09  102.4452  101.8808  103.1852  99.4126  102.1725  102.9897  102.2587  103.0901  103.5371  100.7948  101.4704  101.9402  102.2491  103.0124  103.5922 
 105.4614  101.7257  103.319  102.8366  103.9478  103.3186  105.4578  103.2162  102.6145  104.6614  105.1606  104.8325  102.7251  103.5493  104.1527  104.7155  104.4297  104.0421 
 99.0011  101.8394  103.9178  101.7972  103.7579  103.9226  100.3788  102.5503  103.4534  103.2274  103.8606  103.0854  100.2984  103.1446  103.2839  103.1588  103.4621  103.3683 
 96.0465  103.3192  101.9787  102.6963  104.2449  104.2255  99.814  100.01  102.721  103.5338  104.4781  104.1816  97.1917  100.8868  102.0093  103.337  103.5441  103.433 
 96.2635  102.4671  103.8267  105.0246  103.1167  103.9609  97.107  103.1573  104.2838  104.3158  104.8349  104.131  100.4097  102.981  103.949  103.9929  103.7931  104.5459 
 102.7074  103.9008  102.5141  103.5963  103.2792  103.9227  102.7971  103.088  104.9325  103.8726  104.4932  104.5111  103.2935  102.7147  103.8482  103.6045  104.4941  104.65 
 102.5763  100.2064  101.4792  102.7405  103.1647  102.3674  99.5975  101.1279  101.2597  103.9626  104.3425  104.5198  99.5558  102.1441  102.6453  103.9054  103.3954  103.5391 
 102.0698  100.4288  103.6249  101.2219  103.5766  103.9576  106.1953  102.3076  103.0711  103.2685  103.9223  103.1254  104.979  102.0863  102.9038  103.3916  103.6236  103.4577 
 100.2829  103.7385  102.1404  103.8815  104.6303  104.8905  103.5855  101.2768  103.2084  103.4592  104.4123  104.5363  101.8684  102.1874  102.363  103.6756  103.7992  103.8518 
