 99.738  104.1701  102.9817  103.3005  104.9363  104.7302  99.4685  104.4465  103.7351  104.3066  103.5774  105.2565  100.24  102.7399  102.9937  103.7174  104.1618  104.2049 
 109.4795  102.2449  104.3312  103.363  102.9109  103.6362  103.9933  102.7221  103.4941  105.3303  105.4705  104.7404  102.9174  103.8213  104.3718  103.7442  104.6807  104.6699 
 103.8301  105.7178  103.2816  104.7713  103.7051  104.5091  100.3113  103.9524  103.9004  104.0597  103.8638  104.1504  101.025  103.1462  103.646  103.9766  104.1703  104.1933 
 98.4729  102.2493  104.2842  105.272  104.3629  104.4016  98.8709  103.7622  104.7084  103.3595  104.3584  104.4347  100.1872  103.7276  103.6419  104.1575  104.5481  104.8568 
 101.6101  101.4782  103.2365  103.4798  104.2202  105.155  104.0707  102.9513  104.0276  104.0719  103.8566  104.2248  102.1353  103.7712  103.9639  103.9507  103.9826  104.3259 
 98.9915  104.0047  104.0977  102.8773  104.9637  104.1271  100.8645  104.4518  104.4697  104.1881  103.3237  104.7967  101.0305  102.0593  103.3067  103.792  104.2298  104.002 
 107.635  101.2674  103.8548  103.1166  102.975  103.5549  103.9409  101.7971  103.1724  105.0373  105.0738  104.4919  102.541  103.1429  103.9626  103.4153  104.3024  104.2492 
 106.7757  104.5815  102.5536  103.6763  102.4854  103.8834  101.7068  103.1843  102.4189  103.5317  103.3769  103.7562  101.8071  102.2558  102.6432  103.2416  103.6771  103.9345 
 100.9149  101.0257  102.6988  103.025  103.8159  103.4448  100.3265  102.2527  104.0401  102.1506  103.618  103.071  101.1461  102.8864  102.8504  103.1006  103.5265  103.8733 
 96.1003  100.8953  102.5109  102.476  104.0643  104.699  99.5131  101.4209  102.9261  103.3959  103.6368  104.0793  97.8563  102.0511  102.4943  103.3421  103.6128  103.8881 
 99.6035  103.3539  103.7651  103.9083  104.4996  104.3703  101.301  104.0674  103.1882  104.028  103.2332  104.8139  101.1609  101.7157  102.8253  103.6151  104.2606  104.2496 
 106.6659  102.2454  103.701  104.2556  103.7016  103.8713  104.5792  103.5141  104.2433  105.4788  105.2141  105.1983  102.6891  104.0975  104.5473  103.9267  104.7813  104.8346 
 106.0029  105.3168  103.5683  104.0023  102.8065  104.7256  102.9522  103.3185  102.8871  104.0187  103.9488  104.3874  102.0291  102.8449  103.4409  104.1146  104.1172  104.3505 
 103.5915  101.9956  103.5084  103.81  104.212  104.0432  100.1186  103.0931  104.6167  103.3241  103.9988  103.2915  101.4245  103.4083  103.7978  103.4428  103.979  104.3516 
 98.5903  101.6726  102.8318  102.7708  104.3962  105.4526  100.0299  101.9274  103.5548  103.7673  104.3623  104.8208  99.6954  102.7998  103.3862  104.0236  104.095  104.5608 
 104.0755  104.1917  104.5532  104.9077  105.0058  104.503  105.9846  105.3286  103.5351  104.3156  103.2282  105.099  104.6079  102.7543  103.6539  104.0215  104.576  104.7031 
 100.4938  100.0869  101.6262  101.8966  102.3671  102.8073  99.0329  100.8178  102.0629  103.6226  103.461  103.888  97.8433  101.3436  102.1296  102.137  103.2112  103.1397 
 103.3491  103.8407  103.3974  104.2046  102.4709  104.2334  100.0061  103.1205  102.9075  103.9221  104.1966  104.0142  99.166  102.2935  103.3555  104.0091  104.0746  104.1454 
 101.9217  100.9238  102.5963  103.6419  103.8721  103.8421  100.4016  101.3948  104.5446  103.3088  104.2875  103.6742  99.7265  101.9698  103.4679  103.5022  103.8337  104.3444 
 105.8681  102.9867  104.5384  103.9701  105.9862  106.272  103.6071  103.1877  104.6619  104.6855  104.8505  105.2101  105.482  103.9769  104.7741  104.8148  105.215  105.2231 
 96.3961  103.8062  104.8279  104.1069  104.2654  103.8628  101.2062  105.2665  103.918  104.0065  103.1166  104.6286  100.8295  102.9339  103.7349  104.1595  104.2437  104.3857 
 106.4288  104.0967  102.4703  103.1943  103.3178  103.8976  105.703  103.4818  103.1639  104.3909  104.4396  104.591  102.8663  103.4134  103.1623  102.783  103.8226  103.9644 
 107.0024  103.0186  104.0066  104.2655  102.8999  104.4208  103.3757  103.1725  103.2415  104.4505  104.0474  104.6396  103.4661  103.2647  103.7393  104.2108  104.218  104.638 
 104.1313  102.032  102.4339  103.8257  103.7343  103.4433  102.4858  102.3111  104.2764  103.3513  104.1387  103.9273  102.4442  102.6271  103.083  103.3486  103.9761  104.1276 
 103.6504  102.6911  103.1839  102.8274  104.4439  105.465  101.4498  101.6546  103.2206  103.6879  104.2759  104.3101  104.0184  102.2696  103.8922  103.683  104.2145  104.5539 
 101.1571  99.6829  103.8946  102.6829  103.8249  103.6057  105.1271  102.63  102.8026  103.4563  102.6747  103.6481  103.477  100.6518  102.6624  103.4138  103.7028  103.9414 
 102.0486  103.7013  102.0436  103.3948  103.619  103.7789  103.1946  103.1527  103.1784  103.8763  103.9217  103.6046  100.9809  102.6868  102.7457  102.7352  103.5137  103.6866 
 108.568  103.4784  104.6431  104.6627  102.9841  104.5005  102.8568  103.9261  103.9181  105.0567  104.6723  105.2334  103.5679  104.5868  104.3205  104.47  104.7041  104.8833 
 104.062  103.034  103.0027  104.4147  103.9159  103.9793  102.6611  102.9544  104.2102  103.7067  104.4174  104.6212  103.7893  102.5794  103.6688  103.6897  104.2201  104.4117 
 102.9618  103.4207  103.7398  103.0917  105.0684  105.7538  100.4543  102.6985  104.1872  103.7986  104.3856  104.5561  101.4457  102.7373  104.0146  104.1633  104.4409  104.9642 
 97.2074  99.1184  103.4042  102.7711  103.9477  104.0938  100.7728  102.4589  102.6763  103.5606  103.416  103.7011  98.8124  100.9453  102.551  103.2532  104.1082  104.2666 
 103.1176  103.7058  102.6835  104.4172  104.4467  104.339  102.8774  102.6178  103.3858  104.0947  103.8229  104.3013  101.7372  102.4663  103.3018  103.5386  104.0776  104.0523 
 102.5784  99.8186  101.8257  102.3532  101.4662  103.2887  96.7627  101.1653  101.1552  103.7283  104.0194  103.9539  98.8089  101.3118  101.8465  102.605  103.3942  103.812 
 104.9651  102.7594  102.9397  103.9809  103.3724  103.403  102.9784  102.7807  104.2137  103.677  103.8306  104.6855  103.7382  102.1606  102.8355  103.278  104.1071  104.191 
 102.6446  105.3409  105.0327  103.5807  105.8078  105.9066  104.7953  103.952  104.8291  103.9915  104.9588  104.8454  102.7778  104.3775  105.2724  104.7831  104.8133  105.269 
 102.7001  102.2687  104.7184  104.3333  104.2839  104.9632  105.0087  104.3458  104.5295  104.9139  104.245  104.3866  103.086  103.7298  104.4784  104.5636  104.9832  104.9839 
 99.373  103.3175  102.2116  103.8005  104.6914  104.4252  99.9709  103.2314  103.9994  103.8285  103.5607  103.9155  100.7554  102.3292  102.9307  103.2396  103.5958  103.6941 
 110.7919  102.2632  104.6238  104.0498  103.2643  103.5664  105.1197  103.4652  103.5222  105.4672  105.3132  104.9797  105.8612  103.7895  104.157  104.2585  104.8145  105.0037 
 108.3346  104.8555  103.3407  104.3131  103.5544  104.3907  103.5123  104.1892  102.1678  104.0173  104.3673  105.1371  103.8313  103.4392  103.7505  103.7641  104.6262  104.4425 
 97.4242  103.3941  103.4996  103.3972  103.9596  104.3675  100.6115  102.6343  103.0476  102.7943  103.552  103.6241  100.7113  103.0995  103.6532  103.576  103.6073  104.2219 
 100.8753  101.4436  104.2144  102.9241  103.951  104.9331  104.5342  103.2244  103.8285  104.5594  103.9124  104.1061  101.7743  103.1321  103.7657  104.2962  104.3334  104.5566 
 101.4318  103.8824  102.6332  104.9024  105.0067  104.9817  100.6409  103.7948  104.4568  104.4044  103.6758  104.6035  102.6086  102.3245  103.6952  103.8668  104.1798  104.1985 
 108.9709  101.4494  103.8181  103.4751  102.7854  102.6649  103.4888  102.0465  102.3007  104.9635  104.9006  104.2963  103.3187  102.4781  103.2282  103.3341  104.337  104.5386 
 105.4436  104.1473  102.67  103.3872  103.5172  104.7851  101.8825  103.1002  101.8298  103.6573  103.8724  104.5881  101.7047  102.4274  102.9122  103.5318  104.1342  104.0761 
 99.5477  99.4658  101.2418  101.6965  102.295  102.5863  100.1923  100.2376  100.707  100.6087  102.273  102.8558  100.8849  100.2213  101.5944  101.5375  102.4736  103.173 
 99.3257  100.7542  101.9963  102.2498  103.7745  104.9772  102.9085  102.3618  101.5829  103.5913  103.2402  103.8488  101.2299  102.7681  101.9502  103.2957  103.5094  104.1888 
 100.3171  104.3536  104.2672  104.834  105.2569  104.6419  100.1151  104.9613  105.3387  104.4215  103.9005  104.5202  100.9754  102.7196  104.5086  104.408  104.3903  104.3552 
 106.4735  99.8596  102.7573  102.7817  102.2536  102.3485  103.1549  100.4834  102.3343  104.4137  104.2737  103.2473  102.3224  101.6289  102.2242  102.698  102.9335  103.5731 
 100.3654  105.3159  102.3366  103.1908  102.5456  104.3158  96.3666  103.3838  101.1425  103.4894  103.4375  104.3567  96.882  102.199  102.6466  103.0293  103.5672  103.9756 
 99.9086  100.9571  102.848  103.9357  103.975  103.9392  99.2068  102.9809  102.4677  102.8855  103.7607  104.397  99.1361  103.0283  103.651  103.9042  104.2782  104.4992 
 95.8742  100.1802  102.9958  102.0437  103.8889  104.8908  98.1419  100.3831  102.4299  103.5447  103.7094  103.6661  98.4192  101.1567  102.6041  103.1209  103.7711  104.0794 
 101.5524  103.1619  102.9181  103.5987  104.565  104.5975  103.3218  103.5031  104.0092  103.6441  103.075  104.2436  102.8768  101.3688  102.9109  103.4826  103.8371  104.3155 
 103.9417  99.9892  102.6659  103.5422  102.9823  103.0653  100.6162  101.236  103.1097  104.5609  104.5563  104.0124  100.4695  101.8242  103.2096  103.3356  103.5583  104.1251 
 105.9163  105.2167  103.1894  104.0887  102.9322  104.5232  102.8909  103.5888  101.3677  104.2562  104.1128  104.6663  101.8027  103.2255  103.3079  103.7629  104.1564  104.3153 
 101.4511  101.0569  103.0457  103.4406  103.4723  103.3859  99.1223  102.0724  102.3708  102.7101  103.1283  103.9329  99.9758  102.9717  102.969  103.1748  103.656  103.8527 
 101.0609  101.2728  103.3628  102.6447  104.2446  105.1106  103.2232  100.6341  103.3435  103.5481  104.2956  103.7896  103.5032  103.0901  103.5032  103.3357  104.003  104.3475 
 102.9959  101.3432  104.1346  104.0229  104.1881  103.8224  104.0273  100.8485  104.1394  103.0832  102.6748  103.8481  102.8967  101.7434  103.1389  103.4068  103.3144  103.9155 
 103.7008  101.6137  102.4175  103.3876  103.1948  103.716  101.2336  102.8427  103.5285  105.1654  104.4098  104.0108  101.2656  102.7943  103.4975  103.7991  104.1449  104.2148 
 101.2069  103.2985  102.3298  103.2237  102.5737  104.1744  99.0834  100.7227  100.2839  103.3692  103.9307  104.7515  99.0587  101.9479  102.3511  102.9691  103.6322  104.1561 
 101.286  101.6907  103.5416  104.1395  103.507  103.5523  99.2221  103.2148  103.1548  103.2112  103.7628  104.0245  98.8207  103.6598  103.8586  103.6744  104.0962  104.2139 
 100.8229  102.7338  102.7972  102.9096  104.8623  105.7089  99.092  101.7493  103.2876  103.6538  104.2874  104.2346  101.3631  103.7592  103.1373  103.8574  104.291  104.4689 
 96.4229  101.1944  103.4518  102.6712  103.586  103.231  100.3869  100.7908  102.3082  102.7011  102.3006  103.4515  99.3695  102.1687  101.9511  102.6021  102.8798  103.7152 
 105.1845  102.2306  101.179  102.625  102.8347  103.8651  103.3806  102.0063  103.2467  104.0382  103.9905  103.6539  101.1384  101.7987  102.4337  102.926  103.3822  103.7511 
 101.7098  100.4478  102.5447  103.7588  102.3172  104.013  99.2136  99.442  100.1398  103.4199  103.7049  104.2769  99.4313  101.0766  102.6028  102.8815  103.5732  103.8175 
 101.827  101.7  103.3342  103.9918  103.9664  104.4202  99.4565  102.3926  103.239  103.4761  103.8684  104.2201  100.5606  102.5763  103.5255  103.5013  104.138  104.2125 
 105.3579  102.3544  102.6073  102.3856  103.9304  103.5347  103.5585  101.0971  102.9902  103.1031  103.7972  103.9844  105.6168  103.5839  103.052  103.4226  103.8237  104.2503 
 102.7036  102.8615  105.2248  103.7482  105.0405  103.9756  106.8137  102.8415  103.3546  104.3384  103.6376  104.648  105.2422  103.9848  103.7775  104.2935  104.3258  104.8679 
 101.1041  103.0499  102.3593  103.6597  103.5192  103.9483  98.6504  102.5941  104.1001  104.5688  104.4275  103.9638  98.8882  103.0468  103.4234  103.4665  103.7194  104.0877 
 105.1471  102.3925  103.6331  104.4439  102.5117  104.1379  101.033  102.1824  102.0896  104.16  103.9798  104.5182  101.0756  102.8445  103.6296  103.8028  103.8582  104.1176 
 106.0944  104.7748  104.3575  105.0706  104.2319  105.4306  103.2195  104.8952  103.9943  104.5171  104.8487  105.2041  105.2134  104.9306  104.9909  104.5317  104.8492  105.0036 
 99.0274  103.237  103.0298  102.7035  104.913  103.38  96.5056  102.1076  103.1828  103.2284  103.518  103.8715  97.8205  104.1962  103.3119  103.4367  103.6866  103.875 
 98.8954  101.8259  104.8722  103.2966  103.8503  103.7623  101.5194  102.2037  103.2084  104.2495  103.742  104.1084  101.3967  104.044  103.5591  104.2484  104.2978  104.6442 
 105.9939  104.4491  103.0702  104.7428  104.6549  104.2359  105.3817  103.8491  104.8497  104.5874  104.495  104.5918  103.9854  104.2977  103.9491  103.696  104.293  104.8108 
 107.4821  101.6441  103.0221  103.8172  103.7263  104.2001  102.1266  102.235  102.1037  104.5571  104.5766  104.3424  102.4553  102.9327  103.4506  103.9394  103.7262  104.6019 
 105.0759  104.1293  103.7233  103.9744  104.2317  105.0744  101.3532  103.458  102.8451  103.7372  104.2047  104.6933  104.9444  103.3857  103.5797  103.4215  104.3851  104.4107 
 98.0548  102.3378  102.4621  102.1405  103.2926  103.2511  98.3363  100.6402  102.0656  102.6988  103.4179  104.0417  97.8963  102.9793  102.6352  103.129  103.8265  103.8618 
 102.9704  99.2597  103.1357  102.8896  103.114  102.9604  102.9916  100.0369  102.3931  102.6224  102.7924  103.6275  102.6254  102.0333  102.456  103.4137  103.1789  103.7793 
 100.7229  103.9824  103.0493  104.6372  105.0882  104.6888  102.3216  103.1592  104.7523  104.88  104.3858  104.5391  102.2661  103.4716  104.0617  103.7837  104.3197  104.8382 
 105.3647  99.5143  102.3315  102.9523  102.9531  103.1786  99.7101  100.9654  101.2909  103.1258  104.3851  104.0043  100.5655  101.4339  102.1926  103.1397  103.3558  104.079 
 104.9627  104.4391  103.0785  104.2027  103.5817  105.6155  98.6583  102.7559  101.6132  102.8273  103.9055  104.8667  101.3133  103.0232  103.3062  103.7811  104.0794  104.466 
 95.8989  102.3187  102.2193  102.4799  103.3636  102.5633  99.5451  101.4466  102.3291  102.7998  102.9087  103.5176  98.4407  103.3761  102.6415  102.3623  103.5121  103.605 
 98.7005  100.2308  104.516  102.8435  104.2178  103.5625  99.9085  100.9563  103.5466  103.2601  103.5132  104.0587  100.3958  103.1416  103.4721  104.1329  103.7277  104.2692 
 100.1814  102.0367  102.2646  103.9328  103.9804  104.1987  101.472  101.7974  103.8432  103.7328  103.7988  104.6292  101.7445  102.0104  103.3873  103.2084  103.961  104.4558 
 109.7973  101.6976  103.7827  104.1518  103.7845  104.4525  102.762  101.9524  103.1453  104.5018  105.0753  104.6039  103.3792  102.2623  103.8443  104.1841  104.1148  105.0982 
 104.1909  104.3831  103.2443  104.048  103.9831  104.9762  98.0929  102.9271  102.2131  103.1616  103.9825  104.6183  99.7866  103.45  103.422  103.751  103.9689  104.07 
 99.5219  100.0421  102.9144  103.0859  103.4378  102.9034  101.165  100.1707  102.1249  102.9182  102.9758  103.5267  102.814  101.7407  103.1859  102.7472  103.7506  103.7776 
 100.7119  99.6452  103.459  102.2781  103.5672  103.0497  103.4292  100.2855  102.678  102.9393  103.5442  104.1811  104.5693  102.3711  102.9304  103.468  103.6163  104.1553 
 99.6477  103.8022  103.8763  104.8411  104.6645  104.4127  99.3442  102.7536  105.0456  104.5453  103.7724  104.6595  101.3396  103.235  104.2537  104.3217  104.4032  104.6385 
 106.2595  99.3686  101.7397  102.3569  102.4786  102.5614  100.279  100.9987  101.2506  102.4083  103.9449  103.0373  99.9984  101.1457  101.5835  102.1343  102.3883  103.5167 
 100.7012  103.6569  102.17  103.3387  103.554  105.4771  97.5969  100.9556  101.0744  102.8056  103.5815  104.6782  98.8599  101.1658  102.5201  103.322  103.8655  104.347 
 101.7532  101.2625  103.6822  103.8258  103.8494  103.5767  101.214  102.3218  102.7175  103.4788  103.5679  104.0714  103.2874  103.6067  104.0876  103.5479  104.145  104.1243 
 99.9746  98.9368  102.008  101.4014  103.1121  103.0408  102.6461  99.152  101.9422  102.4342  103.4709  103.8986  103.1021  101.6845  102.0351  102.617  103.3606  103.8604 
 99.9658  103.5936  104.1814  104.2875  104.265  103.7617  100.4359  102.8048  104.7242  103.9528  103.4845  104.1091  103.4635  102.523  103.8095  103.857  104.1438  104.2661 
 104.4624  100.4065  101.9792  103.0765  103.2338  103.3251  98.1185  101.6568  102.4074  103.276  104.2745  103.9381  97.9859  102.1591  102.5496  102.9616  103.3146  104.0992 
 102.9201  103.5802  102.2377  102.9067  102.7442  104.3175  99.083  101.6664  100.4828  102.3315  103.1891  104.1009  100.5635  101.8325  102.1267  102.6173  103.2532  103.8497 
 106.7255  101.5572  104.1485  104.5317  105.4154  104.5803  102.5548  102.0608  103.335  103.9051  104.1296  104.5675  105.9442  103.5198  104.3934  104.2745  104.5877  104.6403 
 96.9908  100.9197  103.5974  102.9401  103.5678  103.4821  102.6569  101.1311  103.1753  103.3808  104.282  104.1881  101.6689  103.0152  103.6806  103.4634  104.283  104.2768 
 100.7094  102.6651  103.4179  103.5746  103.1951  103.2897  100.1026  102.2795  103.8927  103.46  102.7575  103.7603  103.1406  102.9806  102.7258  103.3384  103.2395  103.9099 
 106.5296  100.9014  102.7642  103.4963  104.396  104.2473  103.0669  102.0924  103.732  104.1189  103.6036  104.4863  102.6328  101.9565  103.6368  103.5977  103.9707  104.6793 
 101.3054  104.5245  103.2043  104.1207  103.1768  104.6782  97.4177  101.9608  101.793  103.2638  104.6463  104.7306  98.5464  102.636  103.5774  104.0013  104.1284  104.5604 
 106.3476  102.5258  103.4768  103.5821  104.7938  104.46  102.4975  103.0988  102.3523  102.9403  103.0114  104.0901  105.363  104.0012  103.5543  103.1525  104.1722  104.1899 
 102.3392  100.4069  102.7489  102.4662  103.4968  103.0924  103.2314  100.8982  102.7309  103.5221  103.5592  104.1384  104.023  102.6869  102.8673  103.527  103.9671  104.09 
 99.8046  103.0308  104.5705  103.1619  104.0134  104.043  102.1498  102.9  104.5764  103.9141  104.4214  104.378  104.4325  103.7769  103.7017  104.0339  103.9278  104.5589 
 103.9494  101.4479  101.7821  104.386  103.4577  103.2958  100.1795  102.119  102.7283  103.4441  103.0047  103.6153  99.6548  101.785  102.726  102.8498  103.1356  103.7609 
 105.1188  103.7641  102.8655  105.0284  102.9694  104.4642  101.28  101.5669  101.4227  103.1422  104.4518  104.7841  101.3683  103.0951  103.0137  103.2247  104.0005  104.5224 
 100.9635  101.4081  103.0542  103.1018  104.4983  104.3863  97.5345  102.6419  102.4825  102.9492  102.7939  104.0256  100.9208  102.4317  103.5279  103.4998  104.0205  104.1946 
 99.3749  100.7981  102.0321  102.4435  103.5875  103.2654  98.417  100.5309  102.6356  103.6025  103.3106  103.9653  101.1035  102.953  103.0652  103.5908  103.7215  103.9402 
 99.18  101.8254  103.0958  103.2677  103.3178  103.0545  103.8476  101.7288  102.5551  103.2317  103.7261  103.9682  104.0956  102.2788  102.7068  103.4077  103.4795  103.9196 
 101.2292  103.7998  103.4855  105.3119  104.1835  103.782  98.3552  102.7563  104.6131  104.055  103.8042  103.9347  98.4809  103.3295  103.9223  103.5363  103.8782  104.2888 
 107.1866  102.0951  103.1987  104.8708  103.7209  104.2941  102.5841  102.1552  101.2625  103.1717  104.2576  104.6713  102.6852  103.2213  102.8885  103.3722  104.0164  104.3014 
 98.7932  102.3149  102.4645  102.3512  102.7702  104.0036  96.1803  102.2129  101.2936  101.8223  102.2276  103.5838  99.1136  102.0781  102.2105  102.4737  103.0248  103.5865 
 103.5822  102.073  102.8438  102.8162  104.2409  103.5733  101.6637  100.9941  103.6124  104.0594  103.7314  104.1441  103.7941  103.3031  103.698  103.8611  104.4613  104.1613 
 103.1715  100.4509  103.8576  103.5114  103.6423  103.653  105.41  101.7204  103.0411  103.7964  104.2413  104.2772  106.8356  103.1101  103.5907  103.7899  103.8914  104.476 
 103.437  102.3396  102.9584  104.7598  103.8273  103.5702  102.8909  102.0234  104.0771  103.676  103.4831  103.9612  103.1448  101.5931  103.207  103.4229  103.9437  104.1275 
 105.9199  101.6993  103.3724  105.1749  103.9805  104.3611  100.7293  101.6561  102.1966  103.7799  104.2221  104.4207  100.1071  102.1229  103.168  103.4673  104.2285  104.5594 
 101.866  102.9548  104.141  104.0073  104.1542  105.0345  98.6176  103.001  103.4728  102.7227  103.6303  104.7679  102.4285  103.1441  104.1017  104.1445  103.9807  104.4447 
 100.9342  103.2194  102.3858  101.8455  103.1816  103.1762  99.5631  101.4822  102.6553  103.4568  103.1532  103.7876  100.5368  103.6617  103.1858  102.4859  103.9894  103.6262 
 101.8417  98.5102  102.6551  102.9345  103.3398  103.2717  103.0049  99.8425  102.4726  102.6839  103.549  103.707  104.5613  101.6315  102.6613  103.2268  103.2481  103.9205 
 101.859  101.5348  102.2588  103.9145  104.0946  103.7196  104.0823  101.5305  103.2987  103.5925  103.1908  103.9487  103.8971  101.1703  102.6785  103.1407  103.7001  104.2668 
 106.4873  102.8536  104.0211  105.4983  103.8751  104.2882  99.9185  103.2688  103.1844  104.0631  104.2332  104.7391  99.6711  103.565  103.695  103.9676  104.6003  104.7504 
 104.2077  101.869  103.5255  104.1956  103.1443  104.7669  98.9079  101.4702  101.8664  102.1881  103.4235  104.2019  102.6687  101.5895  103.0813  103.484  103.219  103.9016 
 100.1047  101.8711  102.4081  101.5636  103.5569  103.1663  101.0827  100.3592  103.0744  103.4595  103.3471  103.8565  102.014  100.9373  103.2709  102.6172  104.0624  103.7758 
 98.1877  101.0477  102.764  103.6553  104.1914  103.7116  100.3589  101.537  103.1198  103.305  104.2362  104.2375  101.6082  103.4122  103.5734  103.756  104.1237  104.3916 
 100.9661  101.7959  103.1457  103.1398  103.5541  103.5018  103.2162  102.055  103.4318  102.9568  102.7551  104.0842  104.3694  101.5318  103.2846  102.4982  103.2337  103.9763 
 110.407  102.4215  103.6236  105.2827  103.8734  104.6129  100.3339  102.7841  103.4373  104.2819  103.8989  104.7308  100.087  103.4096  103.3972  103.8486  104.5236  104.7157 
 104.3578  102.5421  103.4526  104.4995  103.9013  104.7413  100.9034  101.2708  101.6193  102.8163  103.9802  104.0948  103.0979  101.7993  102.6407  103.9833  103.5685  104.1214 
 96.5837  100.7635  102.7209  101.8791  103.3681  103.3046  100.3985  100.3477  102.163  103.0678  103.1325  103.8866  100.2368  100.1361  103.0247  102.5212  103.7957  103.9649 
 101.3864  98.6678  102.3343  103.2058  103.4362  103.0399  102.0604  99.4967  103.0802  102.5177  103.7104  104.373  104.307  101.3482  103.4834  103.0041  103.8934  104.2016 
 99.3984  101.3049  102.6911  103.2703  103.8944  103.649  102.2275  100.8634  103.3248  103.1864  103.2228  104.196  101.4928  101.1643  102.868  102.7314  103.5224  103.7946 
 109.8042  101.0086  103.4864  104.647  103.7222  104.1078  103.7637  102.1452  102.8008  103.8504  103.6444  104.3758  101.325  102.0758  102.949  103.5077  104.166  104.5652 
 104.2365  104.4311  102.2496  104.4311  103.4812  104.7638  105.0346  101.4965  101.2532  102.7391  103.9123  103.9505  102.6797  102.269  101.8398  103.4756  103.4771  104.2195 
 103.8692  102.1822  104.41  103.4949  104.5741  104.4359  107.6508  103.0128  103.0892  104.2974  103.6033  104.4127  106.0089  102.9407  104.1316  104.0856  104.6209  104.3886 
 97.3522  98.276  101.2444  102.6477  102.3445  102.3046  98.797  99.0725  102.1426  102.1411  103.1947  103.8704  100.2617  100.8489  102.8508  102.4519  103.1945  103.562 
 100.4208  103.5577  103.0446  103.3422  105.099  104.1841  103.9508  102.7283  104.4276  104.2301  104.0015  104.9511  103.2277  103.0513  103.7814  103.874  104.2918  104.4702 
 108.0578  100.3052  102.7551  104.2236  102.4023  103.1916  104.4369  102.1495  102.1275  102.7618  102.7946  103.7705  102.0128  102.2541  101.8227  102.6738  103.4537  103.8609 
 102.3797  103.5578  103.1714  103.9464  102.7145  104.3515  100.6575  100.6819  101.3413  102.328  103.4353  103.3634  98.9026  101.1601  102.2756  102.9322  102.963  103.6975 
 98.9908  101.0653  103.0301  102.7331  104.65  104.2214  100.8467  102.075  102.2184  103.463  103.1763  104.0706  98.77  102.3317  103.1949  103.3744  104.0483  104.2714 
 99.9517  100.3585  101.9773  102.9615  103.1373  102.9117  102.9046  100.6097  102.6261  102.7133  103.4583  104.1349  104.6377  101.7674  103.3428  103.0044  103.791  103.7571 
 98.9343  103.4017  103.3795  104.1357  103.9467  103.7229  101.9268  102.6507  104.3198  104.3985  104.334  104.9215  101.6766  103.3381  103.7115  103.9971  104.0349  104.4495 
 106.0563  101.8663  104.105  105.4859  104.6273  104.6884  104.958  103.8023  104.2128  104.3687  103.7236  104.7245  101.3014  103.8026  103.9105  103.9568  104.5371  104.8105 
 106.0761  105.3218  104.9009  105.4304  103.5583  104.6314  103.7579  102.4551  103.0225  103.3309  104.915  104.7422  103.1416  102.762  103.7032  104.5338  104.4859  104.9018 
 104.6869  101.6711  102.8871  102.8687  104.5541  104.9496  104.7461  102.3151  101.9524  103.4605  102.9812  104.1025  103.3833  102.9058  102.646  103.2628  103.7113  104.3394 
 98.143  101.9176  102.1181  103.6627  103.8647  103.2249  101.4257  102.4935  102.7603  103.721  103.7767  104.7047  101.073  103.6479  103.7552  103.6173  104.5069  104.3053 
 98.3462  102.6707  103.0153  103.1215  103.5806  103.6127  100.2721  102.1253  103.881  103.7842  104.0174  104.4773  101.2686  102.3692  103.1566  103.6437  103.6327  104.0909 
 100.7328  101.5045  103.3694  105.7638  104.5286  104.4291  99.5173  102.9098  103.7371  104.2606  103.7252  104.5923  97.565  102.8802  103.6886  104.0717  104.2759  104.7592 
 103.7575  102.7417  103.8332  104.5716  102.269  103.9976  101.7349  100.1967  101.7948  103.0287  103.9613  103.948  99.945  101.0995  102.4911  103.4946  103.4387  103.9041 
 100.881  102.4164  103.6936  103.5419  104.9387  104.792  102.0877  103.1327  103.0111  103.7509  103.1736  104.1955  101.2927  103.3313  103.4956  103.9052  104.1455  104.5394 
 100.7668  100.7335  101.8814  102.6662  103.6878  103.1978  101.8249  101.1821  102.6102  103.386  103.6887  104.4805  100.4228  102.3035  103.7437  103.1307  104.3056  104.0648 
 96.3018  103.0355  104.4296  104.0314  104.2539  103.6057  101.9864  102.8716  104.2668  104.0201  104.454  104.5809  102.4426  103.3144  103.9406  103.9305  104.0326  104.4153 
 106.3198  102.8813  103.3014  105.2716  104.1584  103.977  103.6421  102.3794  104.2351  103.6955  103.6176  104.403  101.2745  102.4032  103.5776  103.6265  104.0638  104.3377 
 105.0915  102.6074  104.0282  105.1857  103.7813  104.6005  102.3761  101.5934  102.3803  103.7331  104.3588  104.4569  102.009  102.5203  103.265  103.9882  104.281  104.5951 
 103.7269  103.8181  104.8817  103.9361  104.6106  105.1554  105.8145  104.3029  103.9142  103.8357  103.8915  104.7756  103.6044  104.6191  104.258  104.4805  104.5673  104.9582 
 105.1166  105.15  104.3464  104.1112  105.035  104.7482  107.8846  104.3543  104.8277  105.312  104.9681  105.2657  105.9609  104.8699  105.647  104.7211  105.5035  104.9871 
 94.734  99.9322  102.1417  102.6865  103.0466  102.9135  97.5351  100.9681  101.4875  102.711  103.5967  104.0244  99.0499  102.2881  102.2376  102.7994  103.0266  103.8441 
 104.0906  104.0444  103.9874  105.723  104.7335  104.2981  102.3136  103.4594  105.1312  104.4233  104.0568  104.9683  101.6023  103.3754  104.3316  104.3126  104.576  104.7198 
 107.9725  102.4719  104.6582  105.8153  104.1963  104.6691  105.3858  103.0381  103.255  104.2645  104.712  104.8028  104.2151  103.1923  103.7304  104.2057  104.7928  104.8859 
 103.2707  103.4653  103.1758  103.4073  103.7942  104.7365  106.269  102.9285  102.5472  102.6006  103.3059  104.0944  103.5206  102.9058  103.0363  103.7869  103.7092  104.241 
 105.346  102.489  102.5821  102.5151  103.7749  103.441  106.991  101.4426  102.7681  104.1505  103.6927  104.1206  104.8171  101.943  103.572  102.9876  104.344  103.9465 
 96.8688  100.1125  102.9106  103.3026  103.8071  103.4384  98.8464  101.0497  102.6695  102.9901  103.9062  104.2541  100.8025  103.0571  103.2113  103.5723  103.3879  104.0351 
 104.314  104.0148  104.0286  105.0942  104.5663  103.977  103.7326  103.9141  105.0136  104.3347  103.9268  104.678  101.7663  103.1761  104.4034  104.2047  104.4104  104.7575 
 105.8068  100.7805  102.6365  104.8551  102.9694  103.9102  102.153  101.3024  102.2046  103.4112  103.3634  104.2712  102.5552  101.9548  102.2594  102.9411  103.6923  104.1035 
 102.2719  102.9772  104.1266  104.5367  104.1001  105.4462  104.2578  102.9551  102.4983  102.9797  104.233  104.6434  100.8819  102.4744  103.3986  104.4422  104.1295  104.6929 
 98.6462  102.837  102.3143  101.8821  103.7809  103.2474  102.7742  101.0168  102.8553  103.8679  103.569  103.9073  100.5796  101.7388  103.2385  102.6018  104.1918  104.0825 
 99.6491  99.6694  103.4669  103.6055  104.1981  104.0914  100.7121  100.3389  103.57  103.2803  104.2167  104.9154  102.6625  102.2231  103.9572  103.9907  103.9785  104.4104 
 101.1688  102.8239  103.5987  104.4563  104.3612  104.0851  102.1845  102.6086  104.1405  104.1254  103.5023  104.3705  101.6431  102.0582  103.7929  103.6892  104.0859  104.5036 
 109.1477  101.5715  103.9693  105.6409  104.0495  104.4526  105.3902  102.3342  103.58  104.4314  104.2173  105.0397  104.002  103.2679  103.7716  104.0163  104.7536  104.8022 
 105.357  103.2468  103.9297  104.9524  103.733  105.0688  104.3913  102.0297  101.9805  102.8001  103.8798  104.2296  102.1375  101.922  102.8203  104.0449  103.7002  104.4518 
 97.9338  102.82  102.9471  102.1836  103.9175  104.2256  105.1172  102.3016  102.9139  103.6337  103.9837  104.2316  101.7696  102.2212  103.7647  102.8576  104.3444  104.1554 
 102.3928  98.7767  101.1735  102.2644  103.3189  103.2769  102.1246  99.1311  100.9917  101.747  103.0595  103.8348  104.4918  101.2888  101.9288  102.3114  103.0528  103.6018 
 97.8113  103.7903  104.0787  104.3108  104.6519  104.4933  100.7288  103.7798  105.0494  104.2339  104.0576  104.8134  99.373  103.0746  104.3674  104.0114  104.3225  104.5971 
 109.9869  102.3907  104.4688  105.3749  103.4381  106.011  104.4749  102.8153  103.9953  104.4202  103.6522  104.7415  103.2689  103.3093  103.8437  103.8196  104.2425  104.8656 
 108.0537  105.4911  104.7635  105.4946  104.7082  105.0957  108.3798  103.6345  104.309  104.203  105.0089  104.9184  106.8581  104.0552  104.2329  105.1911  104.8993  105.0826 
 101.6117  101.3742  103.4608  102.2874  104.1048  103.3867  105.924  101.6336  102.2588  103.7325  103.3001  103.9045  103.5978  101.8061  103.465  103.0502  104.0165  104.1601 
 100.0094  100.4389  102.1194  103.7521  103.2291  104.1459  102.1058  101.1225  102.715  102.7189  103.9816  104.7076  103.4177  102.7844  103.4721  103.2057  104.1681  104.1721 
 101.2496  103.7927  103.5278  103.7749  105.0417  104.6342  103.0865  103.1939  104.3602  104.3616  104.2248  105.038  101.19  103.594  104.059  103.9238  104.2394  104.6441 
 109.5068  101.4449  103.7984  105.2437  103.3118  106.027  105.2789  103.3892  103.5628  104.0383  103.6241  104.6382  104.9422  103.2098  103.1531  103.9481  104.1507  104.7226 
 103.9258  106.3227  104.4659  104.5801  103.9212  104.8956  103.6985  103.5834  103.7809  103.6436  104.3288  104.2866  102.0566  103.3036  103.7341  104.2339  104.2825  104.7035 
 105.5161  101.7418  104.8085  103.7945  104.9806  103.9775  107.9841  103.331  103.6392  104.4271  104.0097  104.7941  106.2287  103.2395  104.6167  104.3993  104.7358  104.8566 
 101.9057  100.5073  102.3571  103.7026  103.6396  104.0082  102.1953  102.8494  102.5186  103.1447  104.1358  104.6574  104.3048  102.0797  103.6741  103.1867  104.4728  104.1907 
 100.6513  104.3016  103.6769  104.2178  104.6465  105.1125  104.0603  104.48  104.9209  104.981  104.5733  105.1329  103.219  103.7684  104.699  104.5243  104.6821  104.7842 
 108.0049  102.7386  104.7944  105.7388  104.9193  105.6603  106.9015  103.8422  104.247  104.5205  104.3646  105.1329  102.5635  104.7397  103.9762  104.3166  104.6058  105.1969 
 103.843  104.507  103.7073  104.1229  103.0161  104.9486  101.2079  103.2251  103.0943  102.5658  104.1297  103.9842  101.4364  102.0846  102.9128  103.5091  103.8789  104.2277 
 105.7998  103.2144  104.7817  104.3544  105.8346  104.443  106.9645  103.9054  103.5962  104.6693  103.9577  104.9881  106.0619  104.0992  104.6354  104.413  104.7476  105.0849 
 100.8217  100.2199  101.8232  102.7867  102.8714  103.555  104.7568  102.9891  102.1879  102.9038  103.5313  103.7005  104.0888  101.9486  103.1514  102.7809  104.197  103.9792 
 102.1486  103.3617  104.2127  104.3361  104.4692  105.2854  102.5911  103.8626  104.7342  104.6157  104.8396  104.9121  103.7343  103.1661  104.6941  104.4963  104.8112  105.0274 
 106.8815  102.3413  103.9126  105.3878  104.9203  105.5256  107.2859  102.8064  104.47  103.7235  104.1391  104.9002  102.9398  103.7035  104.1184  104.2587  104.2607  104.4671 
 104.9177  105.0405  104.9436  105.5922  105.1608  105.1258  103.1906  104.3366  103.5609  104.4856  104.8728  104.2176  102.8991  103.3237  103.43  104.5992  104.4434  104.6123 
 99.5391  100.9865  103.133  102.6156  103.4651  103.6361  100.0163  102.1357  102.5921  103.0954  102.8517  103.5109  99.7504  102.3498  102.9894  103.0432  103.8161  104.2395 
 101.137  100.8733  101.5376  102.5612  104.2606  103.677  101.5029  102.8618  102.062  102.7739  103.2991  104.0778  101.2522  101.9399  103.3873  102.5688  104.0031  103.6649 
 98.528  103.4225  104.5985  104.5588  104.6724  105.7496  103.5491  103.7819  104.2006  105.7655  105.1343  105.156  103.8303  104.5237  104.6564  104.8269  105.1266  105.4643 
 104.2475  103.1647  103.2474  104.8685  103.6467  104.3038  100.8184  102.3694  103.5758  103.1437  103.6823  104.6517  98.3431  102.1238  103.5912  103.6201  103.6947  104.1312 
 105.0585  102.3725  104.7187  105.4982  105.3111  105.1915  104.3301  103.8916  104.3443  104.0489  104.6872  104.0837  103.1982  101.9343  103.4699  104.1979  104.5819  104.6903 
 102.4819  101.3036  102.9176  102.667  104.12  103.8648  104.3569  101.3904  102.5802  103.4836  102.9361  103.6738  103.5244  101.976  102.8269  103.455  103.7934  104.2737 
 99.9386  101.9355  102.9897  102.8995  104.4758  104.1673  101.8121  103.2099  102.8878  103.1677  103.7409  104.344  100.9594  101.3266  104.1814  102.9712  104.2087  103.8191 
 97.1062  100.881  101.6293  102.7903  102.8001  104.1789  100.532  102.1919  101.2423  103.2845  103.3119  103.8199  101.1342  103.29  101.7529  102.7067  103.5896  104.0021 
 106.2597  103.3299  104.237  105.8882  104.2827  104.6377  104.8035  104.0602  104.727  104.3822  104.4587  105.2361  103.4184  103.1302  104.5929  104.6598  104.365  104.8044 
 107.0791  104.385  103.9633  104.7011  104.6556  104.6502  104.1817  103.0157  104.032  103.457  104.053  103.432  103.2285  102.0675  103.1054  103.5577  103.9017  104.0458 
 102.8205  102.5708  103.3659  102.9141  104.9868  104.0143  105.4307  101.8348  102.8976  103.6235  103.0455  103.8389  102.7857  102.2276  102.983  103.4523  103.8232  104.2088 
 95.1118  100.3648  101.7679  102.2544  103.4524  104.1036  103.643  102.4185  101.7791  102.623  103.2655  104.0327  102.8884  100.3783  103.1742  102.5161  103.8863  103.7321 
 103.3314  103.8355  103.5812  103.2536  103.8512  104.3553  102.4662  102.1664  101.9073  104.1529  104.2501  104.2587  104.479  102.9443  103.4667  103.5714  104.3775  104.5121 
