 104.444  102.0764  103.0624  105.0033  103.874  104.2172  103.1461  102.0827  104.3174  103.1879  103.738  104.2326  101.6467  101.6237  103.6819  103.7842  103.6762  104.1699 
 102.4118  104.7691  104.187  105.3917  104.8277  105.2576  102.6126  103.8385  104.2213  104.3328  104.1525  104.2951  101.5371  102.6054  103.5859  103.8704  104.3782  104.3796 
 96.99  103.0439  103.821  103.5584  104.8912  104.3811  104.2994  102.2271  103.3472  103.5878  103.7025  103.8184  101.7086  102.7911  103.3405  103.958  104.0998  104.2997 
 94.2676  99.0251  101.3621  101.5198  103.1753  103.5327  100.7479  101.721  101.3226  102.2442  102.755  103.5962  99.3839  99.893  102.5326  101.6155  103.0797  103.4435 
 99.4671  104.5504  102.0278  102.056  103.2777  103.5152  100.5385  102.2955  100.7319  102.8842  103.5846  103.7106  102.8551  102.7894  102.0908  102.6421  103.8233  103.7549 
 103.2421  100.8122  102.6159  103.9417  103.9225  104.269  100.8472  102.2988  104.1914  102.9327  103.2631  104.2698  99.2313  102.0095  103.329  103.4397  103.5832  104.2408 
 101.4845  103.5012  102.7229  104.3073  103.663  105.0911  102.3094  102.3824  102.2428  103.5247  103.0353  103.6739  101.2357  100.7551  102.1133  102.7897  103.3585  103.6662 
 100.279  104.3797  105.2443  105.2693  105.125  104.8848  105.7044  102.5901  104.4507  104.2383  104.6444  104.2885  103.2648  103.1511  104.2368  104.7553  104.7687  104.7814 
 99.0571  103.285  104.7631  104.4061  105.8651  105.1484  107.4199  106.7939  104.9298  105.2814  105.2018  105.3815  105.2915  105.1661  105.9429  104.7942  105.306  105.5193 
 101.361  106.4362  103.7803  103.967  104.8491  104.3117  102.4643  103.1853  103.0742  104.3724  104.6546  104.88  105.121  103.7357  104.3001  104.2792  105.052  104.6822 
 105.319  102.3398  104.1052  104.765  104.2886  104.6488  103.4622  103.8333  105.321  104.2825  104.1438  104.828  102.3707  102.9848  104.4481  104.2298  104.3069  104.8568 
 107.1094  104.0146  103.4036  104.7123  104.0746  105.797  106.1675  103.0336  103.0034  103.843  103.2992  103.9303  104.5863  101.9609  102.9486  103.319  103.9413  103.8488 
 98.1881  103.043  103.1043  103.6741  103.7749  103.887  103.9252  102.1581  102.3322  103.1694  103.765  103.4651  102.5739  101.9732  102.4367  103.5842  103.5806  103.9837 
 95.37  99.7138  102.9735  102.419  104.4566  103.2308  103.1484  101.6299  102.2592  103.1941  103.3597  104.1828  101.5358  101.4357  103.3507  103.1548  103.8257  104.44 
 97.0526  105.0934  102.0171  103.6272  104.1229  104.1669  100.2221  103.4058  102.1685  103.4454  103.7511  104.0484  100.5761  102.4799  103.2497  103.6536  104.0634  103.9179 
 104.6425  101.282  102.3325  102.4449  102.7588  103.4298  100.5457  101.0391  103.282  102.6672  102.7645  103.4993  98.9402  101.0621  102.8175  102.4277  102.8693  103.4979 
 105.2815  104.5029  104.7414  105.8531  104.9358  106.3219  104.3038  104.1776  104.4297  104.5837  104.3137  104.7152  99.9003  103.1383  104.2769  105.1058  104.8247  104.6898 
 95.0032  103.5315  103.6791  104.4813  104.5144  104.5538  101.905  102.4324  103.2077  103.7696  104.2402  104.2324  99.6841  101.9033  103.1481  103.2952  104.1146  104.4043 
 97.1817  100.2717  102.4233  101.3587  103.2295  102.5929  103.7429  101.5492  101.0733  101.9023  101.9981  103.0489  100.6628  101.5085  102.0422  101.8876  103.059  103.4523 
 96.7962  103.7201  102.6478  103.5431  104.7753  104.1561  100.2569  103.1346  102.6559  103.6543  103.9382  104.4245  102.2031  102.2681  103.8577  103.9129  104.4621  104.5094 
 106.5788  102.6817  102.7803  103.5958  103.7115  104.4382  103.4035  103.009  104.632  104.2885  104.3194  104.6837  101.6383  102.9466  103.9876  104.0546  104.2593  104.4586 
 109.2615  104.4944  104.946  106.1126  105.0075  105.9038  109.9937  103.5559  104.2131  104.2783  104.9258  104.719  104.1654  102.8898  104.2415  105.0784  104.5782  104.758 
 100.7116  104.4599  104.326  104.352  104.901  105.2885  106.4165  103.3726  103.1441  103.9705  104.2689  104.3412  105.4629  102.4458  103.1967  103.5539  104.3187  104.6265 
 95.0497  100.1384  103.0978  102.9536  103.9032  103.3559  99.4706  101.4839  102.4251  103.3613  103.8249  103.64  97.5072  101.8175  103.2645  102.8288  103.6943  104.166 
 94.5397  101.4674  101.9608  103.1845  104.1864  103.4183  99.0223  101.8285  102.2534  102.9086  103.2168  103.9572  100.2492  100.2257  103.262  103.3594  104.1599  103.852 
 101.8572  103.2698  102.2755  103.2082  103.0581  103.5863  101.0603  102.3016  102.5635  103.2792  103.1765  103.4896  97.6446  102.6112  102.7659  102.6821  103.0847  103.433 
 105.5402  101.2018  102.2822  104.3208  102.3723  104.5211  105.0835  101.0324  102.632  102.0867  103.4789  103.6309  101.7695  100.6451  102.4776  103.2482  103.0361  103.5022 
 99.7494  105.9599  103.5319  105.0783  105.8122  105.2364  104.4928  104.2543  103.5997  104.426  104.288  104.3515  102.5519  103.1289  103.3075  104.0464  104.3089  104.5466 
 98.864  100.4892  102.8498  103.076  103.6978  103.9405  102.704  101.3727  102.599  103.4854  104.1816  103.6809  100.4324  101.7376  103.4247  102.7464  103.9144  104.3801 
 99.4721  104.0259  103.8061  103.3935  105.1828  104.3007  105.7818  104.7795  103.5997  104.0837  104.1381  104.9898  106.2168  103.1875  104.0917  104.7225  105.0066  104.654 
 101.2037  102.8114  103.2958  104.8117  103.8255  104.7447  100.0242  102.1025  103.1432  104.4074  104.1056  104.3976  98.8103  102.6987  103.6654  103.8029  104.1951  104.5059 
 103.6969  103.4021  104.4756  105.6975  104.285  104.9969  102.7456  103.1568  104.826  104.3247  104.8566  105.1453  99.112  102.9572  104.6481  104.7433  104.3636  104.7435 
 102.233  103.8132  102.6815  104.7102  105.0545  104.8328  106.5364  102.8484  103.239  103.2587  103.8925  103.7699  102.4223  101.2891  102.5769  103.5476  104.1409  104.3215 
 99.95  102.1548  102.213  102.6751  103.0821  103.2197  102.4833  101.1776  101.8387  102.7825  103.8557  103.1671  101.7551  101.3844  102.6931  102.0514  103.205  103.7464 
 95.0594  99.4307  102.3952  101.8476  104.2561  103.8852  103.0756  101.8261  101.3708  102.6246  102.9184  103.9975  100.7106  100.1278  102.4818  103.2528  103.8772  103.632 
 99.0078  104.5946  102.673  104.9841  103.5877  104.6086  100.8787  102.4515  102.897  104.3666  104.1174  104.385  99.8869  103.2677  102.9994  103.8613  104.1991  104.5984 
 105.0168  101.7246  102.7418  104.1799  103.7245  104.188  103.6363  102.2968  102.8659  102.7266  103.7497  104.6007  102.0042  101.7227  102.8642  103.3624  103.5995  104.0075 
 107.7421  104.2832  103.0646  104.8304  104.8166  104.8173  108.2204  103.148  103.9416  104.0006  104.2789  103.8065  104.0475  102.089  103.2177  103.7953  104.1871  104.4035 
 95.2936  101.6178  102.099  102.3995  104.0497  103.5335  101.22  101.3436  102.3016  102.5446  103.7577  103.3306  98.2131  101.368  102.7615  101.9489  103.1129  103.9083 
 94.4487  100.8787  102.3975  101.7381  103.1833  103.6933  103.689  102.1889  101.4875  102.1921  102.5975  103.6915  101.0513  100.3068  102.4718  103.0443  103.4626  103.2758 
 103.7203  103.5709  102.684  104.486  103.3937  103.9809  103.6118  102.6828  101.6906  103.834  103.6181  103.9837  103.6945  103.5208  102.9991  103.5301  103.8355  104.251 
 104.521  101.5239  102.6455  104.2754  103.4625  104.1275  102.6812  101.5089  103.2369  102.7559  103.7054  104.1581  101.5941  100.7649  102.413  103.4315  103.5184  103.8833 
 105.8658  105.0347  103.9354  105.4569  104.7922  105.6387  106.5382  103.6156  104.6611  104.6374  104.5851  104.6551  101.3365  102.9976  103.9585  104.4686  104.6967  104.8658 
 96.4532  102.5174  102.0023  103.895  104.3853  103.9446  102.2076  102.2774  102.8929  103.5224  104.3114  103.4777  99.0461  102.2171  103.1725  102.8148  103.5843  104.062 
 94.8907  101.8463  103.3479  101.5486  104.1729  104.2322  104.7756  104.1382  102.304  103.0088  103.6927  104.5003  102.9961  101.9943  103.6747  103.7781  104.1081  104.3002 
 100.2931  105.0223  103.7614  105.6626  103.9793  104.3922  100.5681  102.6318  102.7267  104.5356  103.9863  104.4702  100.8404  103.5787  104.0625  104.1042  104.7073  104.5778 
 106.217  100.9152  104.1719  104.5465  104.2112  104.8677  104.0552  102.5144  104.2449  103.3786  104.4361  104.7125  101.1801  101.8704  103.2831  103.8814  103.909  104.5298 
 104.4191  103.7522  102.5875  104.207  103.938  105.0458  105.3635  102.1928  102.9596  104.0254  103.9565  104.1203  101.837  100.7132  102.7494  103.7257  104.0423  104.1692 
 100.2816  104.2827  102.3311  105.6268  104.7898  104.6949  106.5092  102.8343  103.5165  103.7685  104.5119  103.9818  102.8953  103.7613  103.3739  103.7634  104.1349  104.5116 
 95.173  101.2767  104.0191  101.8916  104.3589  103.9726  104.7534  105.0356  102.878  103.6781  103.6371  104.4799  102.8703  102.6196  104.4086  103.8521  104.1467  104.5981 
 101.0785  105.6223  103.061  104.9451  104.2275  103.8345  101.5911  102.3314  102.4296  103.6875  103.6184  103.9457  100.8131  103.2841  103.5131  103.5597  104.1728  103.9073 
 102.3086  102.777  104.6413  104.6671  104.2438  104.4576  101.1629  104.6558  105.1543  104.1047  105.3805  104.9653  99.4655  103.4266  103.8822  104.4805  104.3372  104.6806 
 105.9534  104.6663  102.7648  104.4355  103.7876  106.1188  105.1974  103.187  103.0224  103.8896  103.6381  104.2771  101.8295  102.7148  102.8753  103.5674  104.2669  104.2718 
 102.6572  104.0472  102.7965  105.5114  104.4328  104.841  108.6038  103.367  103.5543  104.3319  104.7234  104.3038  104.8251  103.1564  103.9114  104.0281  104.3632  104.8132 
 94.6602  101.9457  104.1688  102.5762  104.4993  103.4206  103.5811  103.895  102.6804  103.2627  103.6472  104.394  101.7419  103.1218  103.8222  103.3187  103.8629  104.5801 
 96.8459  104.6449  102.692  104.1051  104.718  103.8897  98.8068  102.5837  102.7912  103.5578  103.9283  104.08  99.5384  102.0472  103.3587  104.0107  104.3243  104.0528 
 104.3861  101.2605  101.9264  102.9005  103.2221  103.7009  101.9397  101.6144  102.2223  102.7032  103.7845  104.0137  99.1812  101.0839  101.6533  102.6728  103.2713  103.7143 
 103.9948  103.9571  103.834  105.6099  104.0698  106.0864  103.0031  103.1739  104.046  104.85  104.3355  104.5307  99.6595  102.6508  103.8639  104.621  104.7922  104.6334 
 98.7206  102.065  101.4145  104.5591  104.0206  104.1162  105.4756  101.5688  102.1494  102.9706  104.06  103.5634  102.2875  100.9386  102.3304  102.8833  103.5582  103.838 
 101.4547  100.9293  103.7429  102.7014  104.3549  103.838  108.1519  102.165  102.6084  103.1721  103.8639  104.3313  105.5975  101.6746  103.7755  103.3436  104.0127  104.7798 
 99.3553  104.2207  102.7142  103.5907  104.3936  103.5598  103.3874  103.6798  102.4875  103.3649  103.5588  104.0759  103.6627  102.8618  103.1187  103.571  103.9598  103.971 
 108.5887  104.5655  104.5587  104.8669  104.5927  104.8029  106.6934  104.4968  104.6648  104.8332  104.8434  105.0165  104.5812  104.3514  104.1235  104.5491  104.8459  104.8618 
 105.791  103.5416  103.4231  104.9662  104.0691  105.7163  105.1216  102.234  103.3525  103.7315  104.3564  104.4019  100.4745  101.9111  103.5712  104.358  104.2346  104.281 
 96.0178  102.0294  101.4885  104.2572  104.2446  104.536  103.245  101.8457  102.2708  103.0322  103.5311  103.5978  101.6113  100.6942  101.957  102.8193  103.5291  103.8701 
 101.9347  102.5603  103.9116  103.375  104.5603  103.7648  107.6677  103.5391  103.3786  104.0392  104.7008  104.522  104.6378  103.4406  104.7334  104.0107  104.4308  104.9724 
 99.5158  102.9877  103.3545  104.1719  104.3499  103.6084  103.6931  103.1544  102.7287  103.4396  103.3789  103.7746  104.237  101.9825  103.2473  103.7121  104.1878  104.006 
 105.9988  103.158  102.6631  103.3521  103.6988  104.4888  103.4855  103.0414  102.8233  103.6408  103.9484  104.4442  101.7198  102.996  102.6786  103.1925  103.8527  104.145 
 104.466  102.4537  102.6252  104.9704  102.7723  104.5402  106.1401  101.1751  103.0163  103.1452  103.9287  104.0173  100.8633  101.2703  103.0883  103.725  103.6756  103.8714 
 97.0809  105.5758  103.6167  105.1766  105.8204  105.3727  101.8245  104.2949  103.6719  104.2227  104.2863  104.0914  100.3706  103.1303  103.3264  104.2176  104.2481  104.4052 
 97.2135  101.0278  103.6196  103.4645  103.9122  103.7214  101.3963  102.7564  103.3694  104.0484  104.5301  103.9226  98.8482  103.3744  104.4182  103.6005  104.1894  104.6081 
 95.7035  102.7674  103.1601  102.647  104.1855  103.405  101.6303  102.6737  102.5095  102.872  103.1777  104.0513  101.2407  102.7508  102.9664  103.4343  103.953  103.7953 
 101.164  103.1983  102.2276  103.7153  103.4766  104.1883  100.0948  102.5859  102.2473  103.3754  103.6068  103.8992  98.446  101.5028  102.4808  102.6907  103.7018  103.8821 
 106.276  102.9818  104.0777  105.4828  103.574  105.231  105.2646  102.7573  104.3998  103.9534  104.6034  105.1642  102.2485  103.3375  104.3281  104.8818  104.477  104.6968 
 97.0978  104.3749  102.7633  104.5491  105.0358  104.3484  102.8852  102.5513  102.9034  103.439  103.8263  103.3869  99.9668  102.3109  102.3735  103.4659  103.5949  103.8828 
 101.5835  103.2477  103.7339  104.013  104.2655  104.4682  104.4123  103.4112  103.7435  103.9257  104.8922  104.2431  102.6038  103.8659  104.4821  103.5863  104.3511  104.9629 
 92.9241  101.3567  103.3333  102.8138  104.7845  104.196  100.5757  103.2064  102.61  103.4444  103.5473  104.2901  99.4143  102.6933  103.5671  104.035  104.4781  103.9852 
 101.0297  103.1075  101.8018  103.9443  103.039  103.7981  101.7878  101.55  102.0578  103.4879  103.2823  103.6219  99.7233  100.9551  102.126  102.6265  103.3906  103.7907 
 105.6993  101.4161  102.6898  103.9908  102.6108  103.9114  104.7831  101.8116  102.9137  102.6323  103.4575  104.3335  103.1028  102.0844  102.824  103.3725  103.2727  103.6446 
 101.6515  103.4821  102.5469  104.2874  104.5135  104.542  103.2555  102.3532  103.1168  103.6397  103.833  103.4544  99.5617  101.9662  102.6783  103.39  103.7871  104.1958 
 94.8878  101.9371  102.5189  103.4528  104.5134  103.8767  101.0744  101.5232  102.6526  103.1095  104.0085  103.7289  98.455  101.9857  103.0129  102.9261  103.5497  104.1645 
 98.3257  102.6925  103.9571  102.9055  105.0616  104.7606  105.0918  104.5051  103.5248  103.8491  104.2664  104.7889  102.8225  103.4657  104.2552  104.542  104.9134  104.5251 
 101.9405  105.1581  103.4303  105.4923  104.1375  104.7939  103.0768  104.0035  103.8614  104.7745  104.4876  104.8267  102.0436  104.17  104.0538  104.3922  104.889  104.8568 
 104.6722  100.9673  102.4214  103.6173  103.1722  103.9157  101.4801  101.1735  102.3848  102.5368  103.4955  104.1484  101.0186  101.0037  102.3053  103.0369  103.3461  103.7954 
 102.3004  104.3875  102.9196  105.0739  104.3158  104.7538  104.5583  102.7552  103.2333  104.0048  104.1022  103.7329  100.1831  102.8136  103.0936  103.8217  104.0491  104.1139 
 97.488  102.1753  102.7261  104.3519  105.3714  104.627  103.2606  101.9717  103.6047  103.7751  104.6602  104.0011  99.9499  102.2211  103.7615  103.5941  104.0504  104.6553 
 95.3916  102.1259  103.322  101.6743  104.0984  104.1712  105.7934  104.1743  103.1501  103.3253  103.612  104.5018  103.0565  103.1607  103.6105  103.882  104.2661  104.1118 
 97.9956  104.8184  103.4654  105.3284  103.7942  104.0846  99.8942  102.577  104.5362  104.2994  104.0743  104.1186  97.8523  102.9934  103.9465  103.8821  103.6942  104.3554 
 108.0506  102.8592  103.5184  104.5259  104.1981  104.7485  107.4789  104.1937  103.0656  103.2162  104.261  104.6306  104.1735  102.823  103.082  103.8328  104.0567  104.4064 
 102.0231  102.5706  101.8775  103.3376  103.2121  104.1629  97.2039  100.4887  101.7202  103.2305  103.3517  104.0813  101.9947  101.5476  102.6118  102.9148  103.1074  103.7531 
 95.9538  100.2136  100.8686  103.5678  103.7189  103.6574  98.4818  101.1281  101.6805  101.8889  102.9856  102.5956  98.5812  99.7303  101.957  101.9048  102.569  103.3338 
 95.9764  102.4495  103.835  102.0323  104.595  104.5105  101.6647  105.1194  103.8714  104.0785  104.1968  104.6957  104.3595  104.453  104.0791  104.5034  105.046  104.725 
 99.7672  104.6939  101.8875  104.01  103.7224  103.2472  103.1176  101.9243  103.4275  103.1485  103.0438  104.1155  100.7397  102.1969  101.6431  102.5776  102.995  103.7654 
 102.68  101.2015  103.5504  104.0775  103.5501  103.7193  100.3368  103.7529  102.8253  103.0931  104.3294  103.8568  99.3799  101.8059  103.6307  103.6311  103.559  104.1145 
 105.7844  103.6532  102.7987  104.0906  103.6072  104.9029  102.4246  101.3161  102.299  103.8125  103.5542  104.0488  104.1973  102.7046  103.3966  103.5311  103.7271  104.2243 
 99.7976  102.9521  101.3642  104.8519  103.9097  104.5708  101.8434  102.6435  102.7936  102.9274  104.1375  103.476  102.7357  101.8661  102.7615  103.2991  103.4389  104.3544 
 98.1357  100.955  104.4356  102.1191  105.0059  105.6887  104.4308  104.1634  103.7886  103.9862  103.891  104.3283  106.538  103.3009  103.8376  103.7438  104.8705  104.5005 
 99.1757  105.7569  103.2303  105.1446  104.8427  103.7326  104.5685  103.5687  104.1822  103.5702  104.3468  105.0578  102.2778  104.3081  103.0436  104.1717  104.2318  104.5237 
 103.2475  101.247  101.9894  102.7943  103.1704  103.5235  100.0258  103.3113  102.1322  103.3753  103.8251  103.5323  98.9375  100.7991  102.832  102.852  103.301  103.9058 
 102.7628  102.809  102.0284  103.9529  103.1267  104.4362  99.2547  100.0904  101.8622  102.1373  103.1628  103.3669  101.5612  101.6877  102.3258  102.9734  103.1481  103.6957 
 98.5693  103.9833  102.1459  105.2414  104.3491  104.4666  100.7933  103.5036  103.1965  103.9921  104.4623  103.7642  101.1238  102.5182  103.6761  103.841  103.6822  104.555 
 96.0123  102.6284  105.0153  103.5882  105.085  105.7901  99.1912  105.2983  105.2329  103.6308  104.2824  104.8888  102.6821  104.789  104.9705  104.4629  105.1882  104.9949 
 97.1636  103.8459  102.3467  103.5865  104.6023  103.2125  104.4226  102.1484  102.8645  103.1969  103.8561  104.3773  100.704  102.6604  102.1851  103.3925  103.5258  103.791 
 104.2596  101.7191  102.6303  102.542  102.9158  103.4562  102.178  103.0537  102.6415  102.9303  103.419  103.8904  101.1517  100.689  102.9698  102.6886  103.5685  103.9037 
 104.0374  103.5998  102.8577  105.1488  104.1584  105.1511  99.0924  101.7474  102.8483  103.5352  104.1822  103.7854  100.3877  103.1082  103.101  104.2089  103.8068  104.4265 
 97.7919  105.1323  102.9049  105.6176  104.4725  104.5501  101.727  103.7298  102.8728  103.8661  104.1229  104.044  103.7393  103.0856  103.8038  103.6916  103.8762  104.6242 
 97.616  102.0441  103.5054  102.8499  104.8373  105.9194  99.8501  104.9847  104.4836  103.3741  104.4992  104.3721  102.9186  104.2343  104.1376  103.8068  104.5836  104.7792 
 98.3002  103.9312  103.7033  104.1836  105.0167  103.6511  105.3704  103.3462  103.9308  103.8885  104.1529  104.9765  102.8795  103.6132  103.3206  104.4216  104.5192  104.3996 
 105.7814  104.3695  103.062  104.3437  104.0363  104.7735  104.4722  104.9731  103.0127  103.8757  104.3931  104.7152  102.4236  103.4113  103.4246  103.6111  104.3786  104.7429 
 103.2153  102.5069  102.3498  104.7453  103.2234  104.6286  99.5191  101.7979  103.1286  102.8765  104.0996  103.6021  101.1404  102.2755  103.0221  103.9452  103.6143  104.3364 
 101.1647  105.495  103.3519  104.9973  105.3003  104.6305  102.9482  103.3815  102.9436  103.8629  104.3495  104.6245  104.5376  102.9484  103.8224  103.8089  103.8239  104.5552 
 97.5575  100.7992  102.6282  102.6913  104.0569  105.5222  99.0364  103.4887  103.4014  102.9457  103.9744  103.6418  102.0754  102.6665  103.5779  103.0118  104.0242  104.4756 
 96.1194  102.7916  102.5508  102.5803  104.1244  103.0705  103.9335  102.5574  103.193  102.809  103.1923  104.294  102.6807  102.8357  102.4478  103.361  103.8245  103.5783 
 107.9675  105.0583  103.8953  105.0792  104.3972  104.7638  108.0259  104.9725  103.6441  104.1731  104.6468  104.6503  105.7966  103.7714  103.5705  103.9773  104.4453  105.0918 
 101.981  101.611  102.3226  103.941  103.7004  103.9803  97.915  102.0153  102.5393  102.8957  103.5021  103.6097  99.3529  101.7434  103.0238  103.4685  103.4641  103.8453 
 96.7967  105.13  102.5437  104.3725  103.1418  104.5215  99.7196  102.1417  102.3693  102.6565  103.6018  103.8958  100.9013  102.363  102.989  103.0606  103.2229  104.0528 
 100.4357  102.4141  103.089  103.1438  103.7269  105.6797  101.0854  104.2654  103.9581  103.2155  104.5495  103.9347  102.9345  104.008  104.1934  103.1389  104.1942  104.6206 
 98.8364  103.6557  103.1397  102.6518  104.9519  103.9026  104.5093  104.4127  103.8821  103.7412  103.8307  104.8984  104.6495  104.0765  103.2733  104.2852  104.6082  104.3206 
 100.2605  102.9858  102.6716  104.6903  102.8172  103.4183  101.622  102.5941  102.4862  103.1385  103.608  103.7824  99.4609  101.5982  102.1087  103.5061  103.2075  104.1708 
 103.5209  101.9922  103.0569  104.2479  104.5244  104.6364  99.5548  102.8584  103.2129  103.5885  104.3681  104.0611  100.276  102.7527  103.7705  103.7855  103.9599  104.2588 
 102.8338  104.1361  102.1683  104.4758  102.6993  104.6884  100.5065  101.5226  102.1691  102.9028  104.2358  104.0923  102.1064  101.6761  102.9746  102.7345  103.4731  104.315 
 96.3928  102.8896  102.7707  103.6758  103.5752  105.4226  100.6223  103.2782  103.574  103.367  103.0813  103.6473  101.057  103.0539  103.6055  103.5322  103.71  104.143 
 100.21  100.3824  102.6407  101.7196  104.48  103.8201  105.3033  101.9852  102.8376  102.6442  103.7468  104.229  107.554  101.1766  102.4285  103.1639  104.137  103.9525 
 105.312  103.615  102.7168  105.0009  103.9665  103.4896  106.6033  103.2696  102.9626  103.5377  103.698  104.6272  103.9149  102.4799  102.2043  103.8545  103.8039  104.5364 
 104.275  100.592  102.2858  103.6883  104.0785  104.5365  102.9398  101.7221  102.2196  103.7445  104.1403  103.6491  101.8434  101.4881  103.1762  103.484  103.758  104.3518 
 104.0667  106.0552  103.065  105.6842  103.2624  104.8959  99.6553  103.5222  103.4919  104.0249  104.7078  104.8642  102.4707  103.9422  103.8754  103.9039  104.1199  104.8233 
 99.706  103.2416  102.7513  104.2899  103.9735  105.5251  103.2206  103.465  103.6097  103.6083  103.5361  103.7698  104.1491  102.9433  103.7948  103.7389  103.8205  104.3596 
 91.9443  100.7054  102.5436  100.9648  103.868  104.1959  99.1816  102.5072  102.3819  101.7436  103.8416  103.9133  100.5645  101.5231  102.1966  102.8976  103.9596  103.7841 
 103.9264  104.2465  102.9501  105.0607  104.2352  103.641  104.9725  103.3815  103.5858  103.8626  103.5781  104.5392  102.222  103.204  102.5458  103.8941  103.7797  104.4093 
 105.5796  103.9166  104.644  105.3669  105.271  104.9264  104.65  104.764  104.3889  105.3255  105.1052  104.9553  102.5257  103.8052  105.2644  104.9183  104.8824  105.3865 
 103.6414  103.8768  102.5564  104.2255  102.4159  104.6638  99.4144  101.2624  102.8106  102.748  103.8254  104.0105  103.4856  102.3075  103.3336  102.7913  103.5039  104.128 
 94.9294  102.156  101.1245  103.2979  103.5933  104.2287  99.3844  102.9354  101.6102  101.8578  103.0356  102.675  99.9576  101.4787  102.1741  102.1177  102.8419  103.4548 
 99.0988  99.8493  102.5506  100.3841  103.9162  104.604  102.3513  101.5456  102.6002  102.2471  103.7993  104.088  105.4164  101.6186  102.5278  102.8724  104.038  103.9958 
 101.5733  102.6286  101.5482  104.3275  102.9408  103.1692  104.9242  101.4588  102.8279  102.5228  103.0885  104.2913  101.4485  101.0743  101.3248  102.9288  103.1348  103.8853 
 100.9777  99.4588  102.2894  102.4781  103.6136  103.1368  97.8141  102.0298  101.7218  103.1006  102.9067  103.3571  96.3624  101.1398  102.3071  102.6765  102.9597  103.6704 
 105.2651  104.3599  102.6201  102.9164  102.5843  104.457  103.4259  101.2233  102.1611  102.6803  103.4026  103.7452  105.8494  101.1769  103.2427  102.956  103.3987  103.917 
 97.6077  102.2281  100.9211  102.8151  103.299  104.2409  99.7033  101.8933  102.1079  102.6962  103.3364  102.9262  100.4726  101.6886  102.2587  102.7168  102.9074  103.8555 
 99.2349  101.9542  104.0199  104.7472  104.4122  105.7575  103.8002  104.8136  103.7056  102.9058  104.5833  104.5514  106.6821  103.8379  103.7315  103.8027  104.8089  104.6333 
 102.6194  105.2835  104.7973  103.8092  104.4315  103.7301  106.0962  102.7921  103.8607  103.7155  104.1973  105.1248  103.7508  102.7796  102.6445  104.0101  104.1046  104.5015 
 104.1515  100.8027  103.332  102.4197  103.6623  103.7407  101.3316  103.6013  102.643  103.8955  103.4023  104.0798  100.3992  101.9426  103.1782  103.4844  103.6612  104.3623 
 105.964  105.2004  103.0443  103.5907  103.9776  105.2918  103.4324  102.0436  102.8026  103.6606  104.2188  103.8822  104.9959  102.6393  103.4585  103.8909  103.9528  104.4131 
 96.7735  104.5562  104.3376  103.8288  103.8005  105.0378  99.3412  104.0787  103.6668  104.4487  104.711  104.449  99.6055  103.8685  104.07  104.1181  104.1601  105.0686 
 97.0171  101.1688  104.2962  104.9238  104.3606  105.4719  100.5127  104.4784  104.2817  102.4994  104.1093  104.3536  104.0799  103.1991  103.9339  103.8195  104.8713  104.5914 
 98.9362  104.9964  104.0216  103.7606  104.5942  103.6506  105.6077  102.4029  103.8091  104.0702  104.154  104.7871  101.5842  102.407  103.02  103.8866  104.1272  104.192 
 104.9858  102.6503  105.3861  103.8846  104.0554  104.279  100.1848  104.8474  103.1782  103.8545  103.892  104.5657  99.1216  102.8859  103.8001  103.9439  104.2926  104.7305 
 101.6419  103.0652  102.5609  102.3634  103.8308  104.9641  96.8871  100.8506  103.2856  103.7683  104.363  103.871  100.2608  101.5479  103.5318  103.9887  103.8947  104.5705 
 95.0821  104.5048  103.2189  103.0648  104.0792  104.1758  99.3745  103.1388  102.3701  103.5394  104.0127  103.6534  99.8299  102.8151  103.0997  103.3055  103.4213  104.3513 
 96.9011  101.3705  103.8587  104.7199  103.4119  105.3209  99.3666  104.005  103.7805  102.5728  103.8859  103.9424  101.4193  103.1946  103.6298  103.4144  104.1192  104.254 
 100.7594  106.1438  105.4523  104.6752  105.0744  104.551  108.529  105.523  105.2408  105.0229  104.7162  105.5079  105.7927  104.7824  104.7456  105.1262  105.2676  104.8777 
 105.08  101.746  105.0897  104.3279  104.0815  104.0118  101.7892  103.2977  102.9922  103.7356  103.7574  104.3275  99.9356  101.8468  103.6097  103.6458  104.2131  104.4925 
 107.4259  103.1358  102.8664  102.4667  104.3221  105.1478  102.6324  101.5366  103.6766  103.5645  104.8308  103.9856  104.4642  102.0147  104.0199  104.1487  103.9731  104.6727 
 101.5384  105.7898  103.2554  102.5096  103.6268  104.286  104.5472  103.835  101.8401  103.2684  103.7119  104.0297  105.8791  103.2474  102.7994  102.8943  103.4589  104.3868 
 98.9491  101.2622  104.3654  105.1274  104.0912  105.5982  100.2049  104.4803  104.487  103.2336  104.3236  104.1576  103.2271  103.3505  104.4136  103.8971  104.5237  104.7669 
 98.9893  103.0689  102.6901  103.7401  103.968  104.1614  106.8898  102.9297  103.086  103.6323  103.7767  104.8908  104.7718  102.343  102.5745  103.8221  104.3428  104.2058 
 101.5807  102.2387  104.7618  102.8927  103.3034  103.6212  100.6932  102.0467  101.9293  102.6696  103.48  103.7278  97.8387  100.7486  102.2281  102.8418  103.4811  104.0483 
 107.599  102.525  102.6717  102.3577  104.8052  104.7539  102.3321  102.7721  103.0878  103.535  104.5314  104.0547  104.9645  102.6933  103.571  103.9301  104.0023  104.525 
 99.1855  104.7031  102.73  102.549  102.9853  104.2958  100.5916  101.7897  102.458  102.748  103.6927  104.092  101.9486  101.6164  102.8983  102.8241  103.3377  104.2791 
 94.4542  100.7403  102.8974  104.3312  103.1754  105.2279  96.5737  103.1355  102.9115  102.8628  102.7976  103.2804  98.1692  102.3929  103.1708  102.988  103.4773  104.0022 
 96.1265  102.9717  103.4168  104.1843  104.8505  103.9291  103.8763  103.6409  103.7115  103.5137  104.198  104.8243  103.1225  102.7868  103.2055  103.9637  104.5294  104.2243 
 101.3018  102.9965  105.422  102.9048  103.1421  103.4085  100.4295  102.8883  102.5711  103.0371  103.7871  103.9796  97.6957  101.734  102.5893  103.3579  103.5838  104.3714 
 106.1935  103.4007  103.6018  103.3123  104.7015  104.8012  102.0727  104.0266  104.0328  104.2293  104.6778  104.1052  104.1311  103.7804  104.6483  104.4073  104.4328  104.5562 
 103.4092  102.8368  102.5789  102.0233  102.3993  104.2922  102.6539  100.6836  101.6817  102.3915  103.6435  104.1284  103.5018  100.0532  102.4948  102.3939  102.964  103.975 
 96.2454  101.3897  102.2965  102.8728  103.2197  105.0481  99.0474  101.3961  102.5705  102.35  102.2873  103.1418  99.6362  101.3289  102.6273  102.3958  103.0907  103.787 
 99.4448  101.7621  104.1855  104.3433  104.7869  104.65  105.6462  104.0925  104.191  103.6262  104.5892  105.0586  106.8341  102.7322  103.6595  104.1885  104.7587  104.5612 
 105.1307  106.0051  106.2179  105.0089  104.4579  103.9811  107.0505  104.8243  103.9676  104.5037  104.4622  105.1826  104.5359  103.657  103.7263  104.6035  104.7185  105.2345 
 101.634  101.7492  102.7424  102.7577  104.9661  104.8741  99.5746  102.9684  102.7713  103.9245  104.3524  104.0847  98.7491  103.3635  104.0018  103.9091  104.1677  104.577 
 104.5923  105.5356  103.4953  103.4977  102.1746  104.797  99.216  103.0142  103.0131  103.5373  104.7136  104.7873  102.1923  102.1738  103.2603  103.5002  103.8796  104.7384 
 97.0501  103.5171  103.6177  103.4136  103.9066  105.4787  101.9197  104.1478  103.966  103.5994  103.5578  103.7189  102.1043  104.2281  103.9449  103.6987  103.8932  104.255 
 95.1705  102.1156  103.7756  103.7876  104.7786  104.5271  102.2549  103.5388  103.2299  102.4814  104.284  104.5559  103.5221  101.8804  103.0452  103.4774  104.4819  104.1479 
 104.2551  105.2704  105.9126  105.0173  104.9019  104.133  104.0921  104.8595  104.3193  104.6315  104.42  105.0944  102.1541  104.2329  104.0729  104.7111  104.7172  104.9504 
 101.164  101.4406  103.1095  101.9744  103.9763  103.7837  99.8471  102.6617  102.3463  103.4951  103.6329  103.7611  98.6066  102.0279  103.2575  103.2705  103.5318  104.1255 
 105.9588  105.0978  103.5281  103.7209  102.5571  104.9215  102.264  102.3514  103.7727  103.8599  104.5097  104.775  104.3903  102.1172  104.2094  103.7952  104.076  104.8996 
 101.7061  103.0159  104.0481  103.1432  104.5158  105.5213  104.6772  103.7037  103.5156  102.8968  104.0539  103.683  105.1318  103.3835  103.9095  103.6375  103.9321  104.3237 
 96.5889  103.6109  104.9344  105.9991  105.1239  105.5116  102.1875  105.245  104.7258  103.8283  105.0458  105.076  105.4939  104.4207  104.5493  104.71  105.4193  104.9902 
 103.9546  103.5861  104.1321  102.5186  103.6659  103.1903  107.1675  102.3687  103.1636  103.2287  103.5619  104.662  103.2449  101.4739  102.2793  103.3562  103.6186  104.2193 
 104.8415  100.2774  102.8829  101.7988  103.723  103.2255  101.7405  102.912  102.1297  103.5713  103.1879  103.2481  100.0925  101.5311  102.9226  102.9396  102.9533  103.6678 
 104.1644  105.6047  103.3507  104.0702  102.9916  104.9691  101.5874  102.2153  103.0067  103.6398  104.047  104.8866  104.627  102.5095  104.0252  104.1439  104.1555  104.855 
 99.4909  103.8259  104.0062  103.5129  104.146  105.4728  102.7758  104.0619  103.7396  103.5285  104.2312  103.8762  102.3001  103.405  103.6824  103.6803  104.0136  104.6069 
 95.8017  99.8601  103.252  104.0144  103.9091  104.8852  100.7237  102.8032  102.6489  101.8749  104.113  103.8879  104.2343  101.8643  103.0972  102.9259  104.1116  104.0682 
 100.0543  104.6147  104.9258  102.9955  103.6702  103.3417  101.6066  102.0342  103.7492  103.2088  103.79  104.5529  99.1654  102.0188  102.4942  103.4458  103.5607  103.8769 
 104.9505  100.9906  103.3689  102.5289  103.7523  103.4552  102.5109  104.2093  102.9497  104.079  103.1994  104.0927  101.7641  102.2622  103.6224  103.5311  103.6459  104.2472 
 107.9049  105.7413  103.9294  103.8552  103.9604  105.4741  105.3181  102.4686  103.6768  103.8721  104.5146  104.6144  107.1314  103.0704  104.6437  104.2657  104.3393  104.7629 
 95.0343  102.4949  102.4295  102.1078  102.2815  103.6151  97.8986  102.3405  102.0193  102.3081  103.2384  102.9334  97.8466  102.07  102.1934  102.2073  102.7183  103.606 
 96.9914  99.9538  103.434  103.9123  103.9687  104.9674  102.0395  102.7119  102.6283  101.6903  103.7419  103.9087  104.0785  101.4635  103.1118  103.2125  104.4338  104.1423 
 101.7208  106.9856  105.7742  104.7331  105.5286  104.6153  107.2857  104.8606  104.1595  105.253  105.3401  105.908  104.2787  104.8183  104.5014  105.1459  105.1845  105.2044 
 107.935  102.2188  104.1166  103.6265  104.0435  104.325  103.0294  104.4008  102.3512  104.1033  103.6039  104.2686  102.2422  102.3044  103.5096  103.5272  103.9965  104.3638 
 108.5763  105.3962  104.1475  103.4214  104.3279  105.6652  104.7966  102.6804  104.0886  104.2886  105.1301  104.8772  107.5068  103.3997  104.4209  104.9371  104.5852  105.2371 
 96.2835  103.9612  103.2839  103.3595  103.9709  104.3731  99.1291  103.2665  102.4669  103.7059  104.401  103.9812  100.1752  102.9676  103.4786  103.4636  103.8765  104.6661 
 97.639  100.8357  103.6435  104.1337  103.3046  105.2797  100.4794  103.4102  102.5274  102.2521  103.6859  104.0416  102.1907  102.392  103.4476  103.4502  104.0613  104.2315 
 95.9466  104.6857  105.0329  104.2341  105.0253  104.2307  103.5047  103.7885  103.5582  104.4167  104.7389  105.4125  100.8019  103.2763  104.0886  104.4999  104.8178  104.702 
 104.116  102.1009  104.9412  103.8709  103.5226  103.62  101.166  103.5578  102.7066  103.7463  103.2364  103.9746  99.6363  101.8848  103.3674  103.5191  103.7959  104.0296 
 106.1107  101.7209  101.4538  101.3325  103.3789  104.5201  100.522  99.9095  101.9537  102.7061  104.0971  103.6727  102.6367  100.1035  102.5937  103.3319  103.2041  104.1864 
 98.4551  104.9044  104.4501  103.8542  104.1405  104.7244  100.5536  104.6076  102.848  104.0089  104.2221  104.508  102.9931  102.9929  103.8625  103.8318  104.1397  104.8325 
 94.7248  101.9238  104.2968  104.3864  103.88  105.2151  101.034  102.7674  103.2869  102.9809  104.0414  103.7476  99.5018  103.6827  104.1572  103.6839  104.2855  104.2989 
 101.3293  104.5998  104.7095  104.5006  104.6191  104.6272  103.9239  106.9988  103.1283  104.2547  104.5779  105.4307  106.7941  104.0781  104.0492  104.719  104.9316  104.8803 
 105.5695  103.9676  104.8118  103.9533  103.8877  104.1942  99.0848  103.3773  102.8892  104.0015  104.1856  104.3441  101.9672  102.7049  102.9745  103.5672  104.1574  104.3802 
 106.5782  104.3147  103.5705  102.9946  105.1319  104.9711  102.9432  103.7207  103.8267  103.9552  104.8931  104.5241  100.718  103.406  104.4192  104.7083  104.3692  104.5226 
 100.1077  105.3726  103.2405  102.7706  102.9196  104.5217  101.2544  104.8884  102.303  103.1153  103.8646  104.4216  102.4734  102.7037  103.5675  103.2398  103.7677  104.5428 
 97.7454  99.929  102.9901  103.775  103.3939  105.2349  102.7378  101.443  102.2322  102.4038  103.1385  103.4917  102.5793  102.0206  103.2374  102.7958  103.6731  104.1596 
 97.2038  102.2748  103.0991  103.6739  104.0675  103.4702  99.8425  104.0506  101.4388  102.7521  103.6573  104.3827  102.417  101.6335  102.2469  103.3564  103.4382  104.1682 
 104.8527  101.9073  104.5896  103.051  103.4025  103.7214  101.7964  101.5853  102.5073  103.4987  103.8065  104.0816  102.9403  99.9997  103.0611  103.3395  103.8658  104.0347 
